1.540950 1.807368 3.535485
1.472260 0.998440 0.033634
1.462758 2.011143 10.353403
1.740167 1.389965 5.446307
1.536750 1.547671 4.868431
1.621640 1.143997 6.494485
1.472181 0.297207 3.216054
1.537093 0.979280 3.390211
1.585622 1.297957 12.335116
2.235071 1.643707 14.747248
1.827615 1.985440 3.250912
1.827615 1.457275 2.429080
2.200037 1.914079 12.536804
0.411980 3.694268 6.454606
-0.172769 3.767382 9.261058
1.945037 3.112327 16.480881
1.516531 2.394062 0.770196
1.531517 2.308764 0.352798
2.287352 0.469163 22.148453
-17.029261 1.970734 43.878979
-15.014578 -1.580313 13.663618
-13.139846 -1.873898 5.121089
-13.811331 -1.519750 0.796420
-13.977566 -1.852965 7.691871
-13.391417 -1.572840 0.803562
-13.415248 -1.617968 2.188438
-13.777542 -1.669017 3.842185
-13.061363 -1.516519 3.491993
-14.650944 -1.523091 9.814646
-14.142348 -1.525210 5.453830
-15.843824 -1.469517 26.646519
-13.107605 -2.518615 32.535858
-12.227481 -2.370655 32.741337
-16.017422 0.273698 5.515251
-16.075003 -1.275040 19.956678
-16.058893 -1.574101 15.040331
-16.077770 -1.591123 24.160631
-16.568502 -0.198433 18.405230
-16.352728 0.662683 14.949081
-15.840400 0.947586 2.415091
-16.248348 0.557144 10.625907
-15.799191 0.636784 8.600242
-15.878700 1.254144 14.150573
-15.456706 1.460196 5.601562
-15.504446 1.390628 1.485985
-15.500683 1.674129 7.512367
-15.570322 1.162070 4.873569
-15.706669 0.824601 3.995509
-15.530784 0.839915 1.073570
-15.537235 1.269892 8.446147
-15.662522 0.574360 4.890626
-16.064606 0.770130 15.082149
-16.291985 1.164036 18.621262
-15.685657 3.625114 10.835279
-15.918763 0.537202 8.905011
-16.019327 0.221474 20.839088
-15.775791 0.623958 11.234303
-15.657258 1.386220 10.364161
-15.241153 -1.758320 2.932458
-15.771506 -1.930448 14.606098
-15.541903 -1.919240 18.865873
-15.877812 -1.431093 7.635245
-15.685660 -1.135960 5.651306
-15.039826 -1.603894 2.485802
-15.652244 -1.435372 6.830548
-16.227331 -0.560689 8.470984
-16.709753 -0.735518 28.594469
-16.134146 -0.486607 9.028872
-15.769320 -0.458829 3.183903
-15.595677 -0.844277 0.750237
-15.885913 -0.663172 2.184769
-15.769319 -0.664675 2.535177
-15.550861 -0.342895 4.247901
-15.721984 -0.827138 1.370719
-15.595675 -0.624328 0.677634
-15.962086 -0.352269 7.586251
-16.130922 -0.811363 8.517126
-15.022814 -2.281767 18.226376
-16.367054 0.041034 12.768967
-16.471827 -0.292843 19.030632
-16.367058 0.705119 12.740563
-16.360271 0.132298 15.253624
-15.889428 -1.138804 10.449380
-15.889434 -0.914389 10.664198
-16.560007 -0.539586 22.397274
-16.450583 -0.386147 14.664440
-15.303903 -2.109434 17.300701
-15.918766 -0.358770 8.823153
-15.918767 -1.345502 14.639088
-15.576871 -2.014927 27.735294
-15.719643 -2.018764 23.160721
-15.921658 -0.589013 6.575159
-16.249292 -1.006486 23.344078
-16.537222 -0.251969 26.092373
-16.432959 -1.930002 34.388004
-16.905731 -0.783764 44.759785
-17.024532 0.135199 41.673336
-16.455837 2.334513 16.452255
-16.775484 0.077612 32.596794
-16.839529 1.390717 33.072914
-16.627916 0.041402 27.844917
-16.814270 -1.958425 46.089760
-16.752834 0.944808 30.634941
-16.332314 -2.367705 58.278954
-17.061377 -0.173975 48.080620
-16.443495 2.433417 18.059927
-16.592352 0.666915 26.809065
-15.747857 2.502444 5.443461
-14.656295 4.112315 12.804810
-16.051311 2.396992 12.294416
-15.535019 3.934007 15.635137
-16.399488 2.155792 24.847416
-16.366005 2.209348 16.844486
-16.262009 2.116103 7.069838
-17.086330 1.276319 36.559917
-16.269245 2.494309 10.894176
-16.359028 1.939825 15.274627
-16.091505 3.020433 8.751156
-15.861814 3.734600 8.234711
-15.982152 3.294068 5.085436
-15.902319 3.305629 4.598206
-16.267782 3.692165 13.877125
-14.998229 4.093602 14.116590
-16.470491 2.312372 17.337576
-16.172209 3.602698 11.099573
-14.875298 3.783644 4.084172
-15.305399 3.745599 6.832147
-15.639817 2.911988 4.566420
-15.765427 4.074012 22.040081
-15.579165 2.952944 5.401837
-15.716298 2.335202 4.217628
-15.800403 2.833082 8.084569
-15.193833 3.619081 1.155772
-15.484060 3.418964 4.795628
-15.545260 2.999111 3.127564
-15.086097 3.906085 6.876545
-14.898752 4.026872 11.062369
-11.535183 4.217425 10.689989
-11.602565 3.755150 1.983122
-11.412393 3.489833 2.159492
-11.488519 3.516715 1.086178
-11.495420 3.984634 6.197104
-11.671071 4.758841 17.803976
-10.159021 3.082709 8.484558
-10.159020 2.578902 8.646149
-11.466306 3.686133 6.243800
-10.896173 3.471605 0.394692
-10.751560 3.615093 3.752180
-10.627745 3.680580 6.336777
-11.053066 3.810935 14.377762
-10.401248 2.477961 7.154775
-11.033999 3.641648 2.333474
-10.206895 3.344703 6.002226
-10.414341 2.994210 2.520046
-10.117923 3.423968 9.882262
-10.461928 2.671194 2.170488
-11.468781 3.548377 9.133366
-10.967685 3.561783 5.340132
-10.052496 2.650576 0.967924
-10.593085 2.736552 3.925141
-10.274698 2.677592 0.396490
-9.793328 2.535089 1.334462
-10.068711 2.587852 1.097116
-10.350222 2.539139 0.554247
-10.605856 2.524837 0.168347
-10.097385 2.622428 0.503587
-10.411970 2.623366 0.425969
-10.147435 2.829191 3.207950
-10.164605 2.594676 0.898805
-9.839403 2.671313 1.439420
-10.021350 2.626535 0.420517
-9.304414 2.555249 0.256024
-9.412958 2.653281 2.217584
-9.280981 2.469651 3.413851
-9.649473 2.610321 1.568543
-9.885476 2.736980 1.456489
-9.623990 2.719865 3.535612
-9.136586 2.633687 9.096445
-9.947248 2.650598 2.135347
-18.365511 14.239841 13.878817
-18.421352 11.690021 28.326256
-16.881538 14.453036 16.261177
-15.564790 14.901745 9.075960
-14.633729 16.543249 14.446963
-15.817489 14.581050 18.529671
-17.003918 14.960310 37.336945
-16.293169 11.779893 9.318456
-16.581284 11.967868 17.127110
-15.534224 11.988372 1.672063
-15.654635 11.911792 5.515140
-17.174217 11.896448 11.018604
-19.711069 14.468739 11.695959
-21.069191 14.527519 27.639864
-19.713249 14.318220 4.491594
-19.880438 14.371556 7.515896
-22.317595 14.152858 9.873434
-28.885548 14.407131 35.815796
-23.467001 16.174961 5.220594
-23.818117 16.022545 18.113445
-22.414070 14.154308 2.845942
-22.163893 14.125366 0.976326
-22.323212 13.997859 0.429992
-22.112968 14.104030 0.681507
-22.485266 14.161682 4.701026
-22.438984 14.214996 10.264668
-21.658346 11.467335 7.308844
-21.877640 11.589664 2.772745
-21.807125 11.966656 0.185058
-22.551794 11.842153 9.096772
-22.371464 11.844398 6.921721
-27.599630 13.928894 0.422570
-27.599628 14.314898 0.193593
-28.060621 14.455870 11.080803
-28.307344 13.713770 20.413832
-28.112041 15.184136 12.570964
-27.651691 15.806206 13.975666
-28.487764 15.715863 40.369843
-28.517792 14.418156 28.984720
-27.352028 15.651394 7.361663
-28.194508 15.125363 15.568167
-26.834627 16.029554 9.081921
-26.290213 15.551867 0.427862
-26.302446 15.650043 0.152357
-26.102600 15.924399 4.011656
-26.409081 15.889998 2.867003
-27.101879 15.550990 6.956507
-27.627771 15.724641 16.115908
-26.849705 15.861712 9.098808
-28.635401 14.806407 36.590500
-27.290079 15.494941 0.369238
-28.294050 15.444494 17.234583
-26.821814 15.996503 27.753246
-28.332663 15.144529 23.460463
-28.442429 14.872532 23.367334
-26.273558 15.653239 7.134021
-27.427645 15.802462 35.745945
-25.618423 15.994767 23.505232
-26.032269 15.857131 21.657116
-25.242393 15.666094 5.109331
-24.202162 16.407581 33.298813
-28.013720 14.720835 8.904819
-28.022434 14.637456 10.436069
-27.805117 13.655368 7.608227
-27.870043 14.011642 1.889518
-27.870045 14.201540 2.212193
-27.722328 14.613380 6.537690
-28.096567 13.299821 6.359659
-28.016359 13.555434 4.797400
-28.356533 13.561548 14.746087
-28.605291 14.772877 31.644394
-27.812021 12.873957 5.795923
-28.463148 12.128410 19.749056
-28.346334 11.950211 23.898769
-28.902836 13.817313 39.859352
-27.365089 16.141018 21.731983
-28.688976 15.307896 29.068350
-28.038467 13.420581 6.507266
-28.146040 14.334349 12.922959
-28.275833 13.736562 14.498636
-28.225328 15.097091 14.990392
-28.686737 15.238366 37.331009
-27.948233 13.727326 5.880639
-28.304066 13.677215 18.043884
-27.750921 16.051046 14.228310
-28.132868 15.259787 11.654757
-28.013027 14.454216 8.956817
-28.012146 15.385377 9.300751
-27.132189 15.789370 4.309876
-27.341759 15.791033 5.067537
-28.320202 15.743449 24.251827
-26.610218 16.093519 17.511749
-28.419199 14.475924 24.828838
-27.820713 12.802359 3.435614
-27.820719 12.852569 4.588267
-28.527216 11.967154 39.058029
-22.521513 11.859536 5.513228
-21.233295 11.971873 10.875196
-20.178265 11.919433 12.804139
-27.979599 15.453808 10.579189
-28.199181 15.407451 15.385447
-27.954971 13.095399 12.063578
-22.457834 10.277061 25.559408
-22.027733 11.001382 17.951572
-21.920355 11.450725 10.169740
-22.196011 10.334246 12.382985
-21.875553 11.629396 11.922285
-21.478977 11.336171 24.516459
-22.335428 11.619636 2.626407
-22.162027 11.908275 0.532218
-22.528976 11.745967 0.961684
-22.136711 11.620152 2.519486
-22.099083 11.622919 2.509162
-22.595230 11.531723 7.584646
-21.680664 11.802942 1.289191
-21.191467 11.962010 2.359344
-21.679462 11.955722 0.946377
-21.359171 11.710504 4.445952
-21.170921 11.688979 5.999238
-21.149656 11.826025 12.483370
-21.236628 11.523199 4.943854
-20.117775 11.985815 1.173807
-19.793201 11.970610 1.147766
-19.741486 11.930645 5.013593
-19.931608 11.854013 9.098413
-9.639720 13.902367 13.295196
-9.326641 13.028334 20.649454
-9.092922 15.091310 31.312864
-8.915046 13.080643 24.652987
-8.645370 14.455482 53.281490
-8.772713 15.607424 39.511993
-16.088783 14.426459 35.645481
-10.109099 12.947886 9.130045
-10.465346 13.111231 0.526975
-10.300482 12.441118 8.713997
-10.008722 13.352777 4.889071
-10.239198 13.857829 4.134240
-10.315797 14.145185 6.387741
-9.956566 13.672247 7.489250
-10.566827 14.430882 1.232078
-10.520328 14.345865 2.621574
-10.512262 14.371409 5.997447
-10.471641 13.266740 1.745092
-10.471836 13.373306 1.794692
-10.514725 13.535728 0.407696
-10.280295 13.469381 6.300363
-10.419034 14.233353 7.080770
-10.227855 12.764369 5.867941
-9.978702 13.629201 11.473460
-10.455655 12.489742 3.632680
-10.472354 11.983768 4.681033
-10.557507 11.525639 7.162606
-10.382320 12.767338 8.967434
-9.288502 13.532242 22.048330
-9.845398 13.200256 12.895879
-10.220964 12.992782 4.265795
-9.922443 13.209748 10.532514
-9.836103 13.156190 13.952518
-13.325816 15.632178 2.990353
-13.035073 15.802631 15.218494
-13.141451 15.821266 21.676414
-10.052715 15.504513 5.786642
-9.944438 15.387681 7.700126
-10.275002 15.581365 14.473153
-11.223078 15.607328 7.526825
-10.693338 15.649361 4.118972
-13.724701 15.681270 1.928448
-13.313499 15.540669 1.806555
-13.551882 16.065439 11.181056
-14.143031 15.617735 3.018023
-14.120332 15.903025 8.893110
-12.641643 15.806619 11.971939
-12.545485 15.558118 4.543733
-12.196275 15.707014 18.941332
-13.051494 15.767126 6.247938
-13.537958 15.881381 4.656188
-12.625625 15.761294 8.652357
-11.223317 15.470376 14.263678
-12.903507 16.245108 15.340130
-13.119972 15.902802 14.396179
-11.488860 16.269783 34.948463
-9.830088 14.075811 4.267841
-9.632056 14.061757 15.177291
-9.437805 14.999166 25.050652
-9.344058 15.225561 33.729607
-11.384258 15.879159 7.950023
-9.863440 16.044542 52.526863
-9.426449 15.998893 47.386009
-15.605251 14.520748 6.824393
-9.035064 12.141061 53.924232
-8.994998 13.693791 41.431190
-12.501299 16.268757 17.175312
-14.211014 15.852205 11.525182
-13.937041 15.832982 15.046400
-13.880604 16.342182 45.850994
-11.665071 7.990172 3.301075
-11.628980 7.548773 6.181432
-11.550036 7.528053 13.304285
-11.238599 9.015705 10.618710
-11.334880 8.158017 16.639778
-14.669958 8.204894 8.741051
-14.575577 6.147443 26.621471
-11.148100 7.217118 11.352767
-11.508777 7.569542 4.059165
-11.451197 7.792893 2.902857
-11.508271 8.074087 1.825831
-11.586943 7.735562 2.791956
-11.706036 7.622267 1.260970
-11.764148 7.544833 1.257056
-11.623994 8.025220 0.548272
-11.619058 7.747827 0.696223
-11.586611 7.963146 1.299283
-11.630004 7.659644 0.817089
-11.457316 7.785201 1.478149
-11.630001 7.212149 6.829651
-14.482245 8.357230 2.286192
-14.493204 8.621820 9.145152
-14.471894 8.259611 8.546297
-14.399568 7.342717 1.744366
-14.290377 7.175031 3.862710
-14.412848 6.568675 15.953445
-14.280977 6.663538 8.302783
-14.361179 6.449980 8.096838
-14.306571 5.952965 6.039965
-11.196813 8.275313 11.405907
-14.620058 8.538204 14.188187
-14.696992 7.656589 7.255154
-14.483307 7.419421 18.685444
-14.640686 8.263720 12.742852
-14.479743 7.811181 5.650664
-11.684407 7.762150 0.492339
-11.692286 8.199388 0.297909
-11.520551 7.908494 5.161560
-11.514540 7.722285 4.334354
-11.401381 7.050263 25.795897
-14.539882 7.307382 4.261691
-14.492482 7.679174 9.376188
-14.689259 6.027826 10.876305
-14.564502 5.170333 23.725231
-11.363023 6.626763 12.051353
-11.408022 8.381750 5.834793
-14.483383 7.096004 12.128122
-14.445432 7.857844 7.375439
-14.254995 8.267117 1.857545
-14.334989 8.435724 0.450521
-14.442317 8.185170 6.830846
-14.613436 8.175473 3.010948
-14.853157 7.895915 12.243212
-14.613723 8.579047 8.489922
-14.497720 8.425264 9.209788
-14.300221 9.737569 0.234849
-14.605271 10.213633 13.046662
-14.671602 9.222297 14.046088
-14.627300 3.745999 12.751543
-13.780024 -1.997370 11.636190
-14.156681 -1.523162 1.045665
-14.725337 -1.984150 14.265642
-14.246757 -1.997192 5.035870
-13.621298 -2.040514 7.344273
-14.157448 -1.904607 6.752937
-14.256899 -1.593160 3.594685
-14.076236 -1.898449 5.302728
-13.629586 -2.069379 7.635398
-13.875199 -2.312344 16.788973
-14.827130 -2.900513 41.322609
-12.904914 -2.470660 17.739145
-13.371350 -2.857361 40.652679
-12.058109 -2.727259 27.359827
-12.036145 -2.719131 25.639151
-13.412463 -3.040243 35.372368
-11.645859 -2.659329 22.505232
-12.825660 -2.859269 31.700369
-12.445544 -2.486127 15.872146
-12.582465 -3.470078 62.864590
-14.599007 -2.383004 16.314083
-15.247811 -2.629025 24.673897
-15.651762 -2.279743 16.898769
-15.816300 -1.921763 14.627192
-15.686991 -2.070725 13.518188
-15.134251 -2.133330 16.732635
-14.957871 -1.775839 5.166870
-15.736235 -1.729694 8.586969
-15.882543 -2.023678 18.429779
-13.419233 -1.877691 6.287086
-11.576146 -1.568069 12.040571
-13.340767 -2.136933 8.479338
-12.085894 -2.453636 30.993793
-15.784223 -1.638774 11.472039
-16.132677 -1.139350 19.091568
-16.118816 -1.889223 27.473072
-13.730916 -2.473375 18.708416
-14.984322 -2.669164 38.488213
-16.406305 -1.177068 44.839142
-14.678646 -2.521104 32.173195
-13.910933 -2.151894 12.685503
-16.022310 -2.030963 19.599697
-13.308978 -1.914435 8.647174
-15.308026 -1.387139 0.950587
-15.629439 -1.843579 8.629447
-16.152220 -1.805820 16.452042
-14.768447 -1.661188 13.341662
-14.593410 8.332516 6.619228
-11.466761 6.706997 18.628061
-14.598388 6.693322 1.817628
-14.598377 6.260924 15.651881
-11.289299 4.344530 21.688450
-10.032099 2.767762 10.231809
-14.702641 9.074266 3.449768
-14.701676 9.712050 8.545259
-14.572466 8.881833 7.084138
-14.355998 8.763391 3.505873
-14.655423 9.257361 7.925959
-11.466784 8.960611 7.889643
-11.508928 9.704695 7.775342
-10.105911 11.337684 10.011947
-9.742192 11.974266 41.619915
-14.057081 15.837896 4.101481
-14.072345 15.567850 2.902635
-14.058610 15.808838 7.193666
-13.714390 16.082026 12.002794
-15.377604 16.034197 20.923388
-15.553843 16.244263 24.741163
-14.473142 16.860922 45.041142
-10.449549 16.588696 28.003849
-13.693688 16.093664 6.263935
-13.143736 16.155468 10.240537
-14.331038 16.088001 16.635185
-12.397252 15.863486 10.298702
-14.698397 7.510452 4.571168
-14.573325 7.594679 4.057012
-14.654468 7.711005 16.529978
-14.475736 9.523727 2.709897
-14.431771 8.973907 1.490709
-14.641081 9.315336 6.489841
-14.577842 9.763073 1.922798
-14.444506 9.005898 5.978671
-14.678431 10.011879 16.894024
-11.513454 9.703786 17.722445
-11.503944 9.820627 2.408610
-11.274381 9.593890 16.446211
-11.390087 9.185743 3.657513
-11.544504 8.794187 1.002797
-11.536193 8.515468 2.461184
-11.635098 9.249203 7.866435
-11.662967 7.980332 5.785587
-11.704945 9.175023 0.219091
-11.647166 9.399035 4.430089
-11.725456 10.148230 4.940224
-11.694386 9.255259 0.805901
-11.634889 9.282431 0.482911
-11.677031 9.861939 8.286575
-11.465560 9.197900 5.533157
-11.678501 9.619804 8.016696
-14.539855 6.361713 19.109177
-11.497925 4.649303 15.288430
-11.430034 4.000450 24.848904
-11.181130 6.389867 9.295279
-11.578576 5.174548 3.328017
-11.578573 4.805231 8.133767
-11.367045 4.527416 14.793519
-14.575158 3.379311 3.624322
-15.239059 4.035393 8.765193
-14.581460 3.612752 18.566790
-14.784328 3.454336 23.651379
-11.331754 8.310574 4.127057
-11.520530 7.975545 4.774345
-11.638820 8.020984 2.772856
-11.697767 7.818334 2.558481
-11.731341 7.632424 0.258160
-11.635185 8.019584 3.209650
-11.752574 7.250015 0.193808
-11.627789 7.245000 1.669579
-11.547320 7.305207 9.743260
-11.639422 7.223752 3.910473
-14.902947 7.262217 33.821999
-11.438752 7.991024 8.094998
-11.509929 8.951579 2.532287
-11.354715 9.185833 10.078647
-11.587132 8.253674 4.765096
-11.388424 7.651330 9.109396
-14.767278 4.766640 24.175077
-14.637106 8.843427 2.676261
-14.637488 8.898789 1.781614
-14.684238 8.397211 8.650746
-14.532364 9.622954 2.232160
-14.398336 9.955494 1.241995
-14.330277 9.042882 7.131079
-14.248024 9.998126 0.371676
-14.328536 10.139135 0.799887
-14.346654 10.236977 2.457848
-14.375463 9.979268 3.051297
-14.388932 10.016060 1.495531
-14.312801 9.719445 0.742817
-14.285494 10.377234 2.162691
-14.270243 10.592495 3.017516
-14.325643 10.502785 2.787967
-14.305066 9.577729 2.984092
-14.247872 10.279630 0.367807
-14.344749 9.697869 0.700870
-14.570089 10.556680 11.185913
-14.493176 10.054120 22.561766
-14.803382 9.483459 23.500851
-14.567793 6.130036 2.267595
-14.644901 5.711016 8.824095
-14.527220 6.911516 4.470783
-14.562554 6.133233 4.595060
-14.520029 4.894217 8.539344
-14.743587 5.223757 21.070440
-14.514953 6.723334 2.227787
-14.330170 7.385242 5.364355
-14.559585 7.149057 4.535585
-14.323710 7.676833 5.892956
-11.218329 3.599527 21.621763
-11.340681 4.033408 17.923086
-11.219841 4.525596 15.526200
-11.491043 4.526176 3.904363
-11.491043 4.291702 7.911099
-11.507058 5.201104 5.145695
-13.432119 -3.646012 77.327011
-12.205296 -2.773942 23.100266
-13.534258 -2.585922 16.644442
-14.206870 -2.501509 13.281922
-14.532409 -3.386520 65.546181
-12.367438 -2.919909 24.835001
-13.569492 -2.480116 15.460520
-12.815952 -1.939451 6.665882
-13.101918 -2.232167 9.514280
-13.659688 -2.355402 11.163321
-13.310400 -2.369093 14.975524
-13.068437 -2.864890 27.841400
-12.618136 -2.982796 35.058365
-10.887190 -2.750679 22.797792
-13.557128 -1.791459 6.778620
-14.570801 9.096827 7.142448
-14.536895 7.232993 7.612139
-14.536896 7.451734 7.979416
-14.529541 6.877219 10.652755
-14.280962 6.842406 10.011123
-11.293010 5.364872 8.741008
-11.609285 4.003425 5.504642
-11.181334 4.819693 9.819859
-11.476903 5.174126 4.975765
-11.704195 4.374372 11.941405
-11.367214 5.053676 4.605923
-11.497664 5.047733 8.565754
-11.373082 4.641788 10.714350
-11.564157 4.297138 9.959347
-16.105511 0.955485 13.563183
-16.052956 -0.780696 27.127506
-14.665464 3.560421 9.731760
-13.688522 -2.460628 15.104551
-14.950989 -2.340581 12.172789
-14.737104 -1.901740 8.855680
-15.300862 -1.912441 9.705610
-15.193490 -2.296978 18.125629
-15.596148 -1.810004 14.566491
-15.692050 -2.302035 27.868345
-15.894725 -1.705003 28.775023
-13.841970 -2.730478 33.730232
-14.436737 -2.318188 21.758144
-15.449990 -0.658821 0.201705
-15.583741 -1.204369 6.086890
-15.453012 -2.297759 22.489237
-16.308462 -1.765191 58.687775
-14.627535 5.715084 9.562972
-14.397782 3.991747 18.820993
-14.677613 6.502110 7.905497
-14.289349 4.436583 23.677597
-9.891865 -1.708130 33.467216
-11.023142 -3.146688 44.209156
-11.344376 -3.327439 70.248146
-9.713099 3.116710 6.844850
-10.950683 3.456571 4.013061
-10.678354 3.626753 5.768841
-6.821475 -0.609998 8.990862
-8.062354 -0.785587 5.641966
-14.648582 8.946476 13.019193
-14.575577 6.147443 26.621471
-11.420945 8.199940 25.731327
-14.383497 6.733306 1.208278
-14.328390 6.367244 3.774163
-14.290458 6.534272 2.345113
-14.486418 6.584761 1.474954
-14.770388 6.528850 6.990737
-14.499664 6.408286 0.740148
-14.719921 6.314618 5.437075
-14.771294 5.935893 9.350142
-14.399598 6.818038 0.740559
-14.363830 5.922485 8.370668
-14.325785 4.144972 3.394091
-14.811041 3.689373 6.939139
-14.384859 4.041245 15.582423
-7.653891 -0.913720 19.751038
-6.821738 -0.543887 8.091476
-7.810720 -0.710518 2.098128
-6.829566 -0.687089 17.343767
-8.557905 -0.889855 19.095787
2.627790 1.433975 23.515112
-0.364523 -1.860881 11.323715
-1.262463 -1.859486 5.653772
-0.867544 -2.120940 21.212751
-0.068839 3.888765 24.617432
2.443425 3.289369 24.127136
3.092917 2.772002 37.139339
1.522046 3.421498 8.831580
1.025605 3.982361 18.842873
2.655189 3.530126 24.173767
1.932307 4.140881 33.265839
3.014139 3.757782 39.312305
-0.407996 4.119350 10.012561
-0.875441 3.748061 1.304878
-0.791444 3.929489 5.674258
-0.795761 3.632424 0.413551
2.501410 -1.665426 29.038904
-3.645636 -0.839120 2.399307
-3.505508 -0.860736 10.277488
-3.409660 -0.912490 13.926996
-3.404685 -0.739003 10.362395
2.970400 1.496647 34.291363
2.234900 1.106515 10.582925
2.624522 -0.100663 21.880989
2.698935 -0.937671 21.265213
1.968407 -2.136033 51.159760
-3.729705 -0.564348 4.481519
-3.396931 -0.682494 5.503890
1.878065 0.554547 10.292633
1.539460 0.876232 1.162974
1.770432 1.386356 12.034992
2.218622 0.395817 28.030964
0.403076 -1.521069 0.434736
0.307287 -1.742449 3.953405
0.577613 -1.744419 3.945693
0.803373 -1.615472 7.166556
0.065807 -1.739405 5.163302
-2.377201 4.372402 24.383434
3.699931 4.161239 79.370567
2.648146 2.294789 26.943642
-0.398714 4.010576 8.913041
0.678512 3.925051 25.137846
2.249011 2.567046 27.258924
1.900147 0.657662 10.306633
2.254175 1.262678 23.502747
1.980699 1.090440 6.286884
1.555401 0.675551 0.151889
1.555401 0.268473 2.006957
1.864229 0.513139 3.717374
1.696571 0.622748 0.846046
1.864229 0.231318 9.352692
1.441521 1.338678 5.583540
1.525091 0.209985 4.518282
1.533388 -0.948126 2.795541
1.631407 -0.810487 8.705157
1.535262 0.036179 4.098051
1.637561 0.158237 11.758538
-3.374032 -1.518485 5.512689
-3.236558 -1.510251 14.345478
-1.480309 -1.659592 7.444799
-3.312027 3.924892 5.627575
-3.749140 3.907668 5.653023
-3.729358 3.598215 6.993941
-2.811979 3.998544 7.345380
-2.970885 3.971742 5.143507
-3.159984 4.131796 10.222602
-2.739234 4.141994 8.963183
-3.942859 3.685369 18.351377
2.439648 2.974197 24.657305
1.814729 4.061561 20.371931
1.293373 3.822165 18.053215
1.208391 3.752875 5.318395
1.685021 3.287743 1.853976
1.386231 3.618515 2.127492
1.423638 3.729683 7.718258
1.229823 3.846955 5.104855
1.887160 4.014660 23.978302
-0.172060 -2.035287 4.480972
-0.676438 -2.041018 11.930286
-0.516198 -2.304030 16.900841
-0.752539 -2.160519 9.490461
-0.826125 -2.280958 13.072985
1.012701 -1.779369 3.952313
1.378271 -1.967920 9.604569
1.550411 -2.337019 19.616289
-1.638556 -1.841211 7.335513
-2.125225 -1.889734 17.052671
-0.512884 -1.889403 12.624027
-0.120297 -1.949412 15.818024
1.603151 2.877126 0.393985
1.468599 3.545822 4.259006
1.603151 3.162930 2.059722
1.660360 3.616634 7.036877
1.559526 2.957067 2.380115
1.700385 2.867328 1.620220
1.804530 3.302693 13.035460
1.902374 2.660377 7.527907
1.895219 3.222183 12.412695
1.660043 3.957340 14.008640
2.382947 2.663092 21.398951
2.271788 3.416975 32.454330
1.866189 1.283868 9.898886
1.602231 2.633025 10.242405
1.545723 2.631846 1.889083
1.487267 2.613253 0.548291
1.846600 3.199754 12.629131
2.467565 2.369946 28.315514
2.474155 2.061726 29.260321
2.034298 2.068962 10.602619
1.944362 3.616560 11.453910
1.701469 3.963491 19.245241
0.840781 4.154293 20.240330
1.503982 3.667667 11.101043
0.387676 3.615471 1.407514
0.577002 3.729313 3.580385
0.954532 3.627630 3.468454
1.166059 3.704670 7.832053
1.897439 3.202639 7.377581
1.856864 3.523832 9.361275
0.588681 3.891586 6.979127
2.270174 3.902950 35.324337
1.876412 0.769754 9.075511
1.802551 1.059674 5.302394
0.298560 -1.650972 3.788345
-0.611925 -1.597944 1.909678
0.268399 -1.766386 3.988770
-0.501460 -1.768119 4.586969
-0.431723 -1.509281 0.363546
-0.322505 -1.523324 0.186488
-0.656619 -1.493623 0.246249
-0.258833 -1.589701 1.442729
-0.825025 -1.770366 6.331074
-0.633387 -2.288625 23.288795
1.886352 -0.540274 19.177118
-3.997638 3.650073 14.989922
0.283047 4.298419 20.228580
-0.118857 4.178644 15.278196
3.225481 1.677420 42.861874
0.450545 4.453683 39.503445
2.923440 3.396163 35.219978
0.819809 -1.600045 9.347612
0.093048 -1.787332 7.685303
-0.085302 -1.724208 5.114016
-0.078039 -1.890831 10.734385
1.054431 -1.607304 8.375899
1.693431 -1.460371 30.346598
2.552233 0.379806 24.013329
2.093446 -1.710115 35.185226
2.224362 -1.867602 28.179352
2.891696 0.084515 39.777496
1.112883 4.337923 31.132660
2.178653 1.390394 9.287807
1.974483 0.206804 8.865028
1.851213 1.147237 5.792201
2.423469 0.203425 25.704578
2.589270 2.106019 24.993832
2.415796 0.721659 27.253319
2.372593 2.625563 25.720074
2.723234 0.919060 39.306259
2.090554 0.263943 6.245553
2.351274 0.000680 18.789267
2.838885 0.887528 48.216633
2.667136 0.407822 34.994904
0.987578 3.653253 6.073066
1.969042 3.756738 13.977834
1.737700 3.256800 3.245973
1.322728 3.711574 11.411798
1.458479 2.518249 0.113555
1.605828 2.454494 2.072440
0.993463 3.683267 2.932543
0.741850 3.627057 2.082225
1.237377 3.537680 1.709498
0.780508 3.627397 2.320861
-0.525013 3.481977 3.381336
-0.413464 3.486964 0.337870
-1.378820 -2.153823 34.692032
-3.423359 -0.865264 21.996037
2.324894 -0.767953 13.035852
2.365682 1.614522 16.079025
2.052890 0.974845 29.236670
1.204659 3.536411 1.095502
1.857164 3.941488 27.543264
2.245949 3.157726 18.647114
0.822350 3.683525 2.325213
0.308517 3.624899 4.798995
1.119132 3.962641 10.819645
1.889702 2.556723 5.534943
1.759527 3.751797 11.155698
1.613333 2.101380 7.721148
1.535039 2.436710 7.125550
1.649259 3.166859 4.920145
1.298779 4.023294 14.082372
2.407155 3.424046 23.237591
2.350738 2.695090 12.428059
2.749992 0.910132 29.760702
-3.556747 -2.022797 12.010682
-2.918133 -2.080066 9.122330
-4.184024 -0.990144 9.513222
-4.072727 -0.854927 5.741518
-4.236580 -1.189528 11.259349
-3.439471 -2.345495 28.346935
1.575407 1.936328 6.807426
2.041585 1.089975 11.173972
1.934986 1.235218 5.854821
1.615160 0.549415 4.506282
1.472937 1.995498 6.206895
1.544810 2.103145 9.209063
1.422126 3.305506 0.900365
1.643333 3.504553 3.733930
1.172750 3.531744 1.175726
1.580621 3.683379 7.253856
1.787795 3.270038 5.567861
2.034678 3.444257 14.419529
2.592527 3.563903 46.553665
2.474764 3.300172 38.125069
-1.292431 3.658114 3.481731
-0.763996 3.529908 5.332704
-0.315300 3.543431 6.257068
-1.053383 3.726059 5.936822
0.085402 3.658842 12.163052
2.414709 2.031559 28.517054
0.140522 3.720453 13.385783
0.555452 4.111054 35.877789
2.373844 2.406240 12.766182
2.882070 3.062630 34.153961
2.554744 3.064963 28.021061
2.249110 0.313984 21.367283
2.476656 0.007332 28.089056
2.656024 0.434531 20.656857
2.765802 -0.176678 33.107590
2.697824 -0.558105 33.708660
2.812937 0.802324 35.071503
0.789934 3.687587 37.871006
-3.042898 3.972239 6.119695
-3.407465 3.448884 3.025206
-3.478876 3.206440 2.727965
-3.452603 3.603907 16.222992
1.675742 2.317920 0.342519
1.950979 2.428261 4.004417
2.333452 2.582249 22.592285
0.007546 3.690985 3.286990
0.480419 3.514772 5.819793
0.082142 3.888756 9.031961
0.059788 4.092292 16.030287
0.966799 4.206374 32.726376
1.050140 3.954381 18.523720
0.349325 4.052128 22.776295
1.869283 2.962476 9.733401
1.643900 2.923615 5.179410
1.869283 3.636285 16.828346
1.693961 2.458232 5.226012
1.693881 2.726872 4.371898
1.554994 2.753474 1.393501
1.454522 3.140459 0.279032
1.396323 3.506248 4.251472
1.149258 3.619213 9.853848
1.532598 2.561218 1.708082
1.750481 2.895736 7.237331
1.980711 3.206903 15.052958
1.366666 3.949120 18.630060
1.707631 3.844080 25.760609
-0.487246 3.871320 7.842855
-0.968893 4.002587 14.635561
1.974635 3.490946 22.731735
1.814680 3.345321 10.978271
1.992337 2.658292 18.931702
1.928680 2.032971 12.152803
2.087854 3.028531 21.212996
2.288311 2.275600 25.042082
0.993311 3.907123 19.949713
0.710888 4.245109 28.766346
1.902811 1.047361 7.722244
2.012790 1.598257 8.473060
2.148726 1.234689 12.520384
2.139825 -0.444019 29.012283
2.284948 0.202099 18.714600
2.452782 -0.033744 18.284838
2.217796 -0.462449 8.647992
2.382009 -1.549460 25.988506
0.976949 -2.093166 9.588786
2.125319 -1.887432 25.438097
2.536719 0.627088 28.136431
2.953147 1.622879 51.638687
2.316579 0.919812 19.107866
1.789727 0.977841 5.573153
1.666741 -1.929131 22.583733
1.652688 -0.559033 8.193674
1.515643 -1.819432 14.504265
1.625209 -0.385013 4.018187
-0.910772 -1.812728 3.972634
-0.815136 -1.802374 3.400447
-1.319081 -1.603643 2.438363
-1.029703 -1.510170 0.028126
-0.839734 -1.512410 0.046567
-1.352185 -1.896102 10.199820
2.063355 2.094143 22.732206
2.248085 2.166874 16.593266
2.086407 1.533864 8.180346
2.581447 1.505036 26.206789
1.983561 1.321931 6.301374
2.125012 1.263253 15.030868
2.237673 0.745295 9.894204
1.915196 1.005578 10.632475
1.917473 1.702902 7.020506
2.215365 1.556917 23.025003
2.072017 0.355613 10.447345
2.087866 -1.176100 20.747841
2.349652 0.165885 18.157209
2.331044 0.644799 13.925369
2.453824 0.397028 20.315920
2.486833 -0.816554 31.796017
2.992676 1.325277 61.886581
2.898170 -0.903135 54.949253
-1.156183 -1.640342 7.633532
-0.108204 -1.790173 17.547869
2.850933 -1.454129 38.943600
-0.630590 -2.272704 23.002529
2.583609 1.560902 25.571671
2.213871 1.908988 20.778740
1.483409 -0.801353 2.414209
1.495035 -0.731795 14.623789
2.140167 0.037565 13.868828
2.670925 1.450745 49.597908
-0.246343 4.406459 18.121311
-0.121287 3.870546 8.712124
-1.145672 4.160574 23.041063
-0.507644 3.754379 5.609233
-1.725358 3.848823 14.869001
-1.934800 3.548451 5.684970
-1.091395 3.615514 3.947117
-0.885129 3.481205 0.175213
-0.913134 3.550334 1.757506
-0.891222 3.651883 8.045251
-1.522114 3.532831 2.149079
-1.709598 3.470552 0.042047
-1.542409 3.554231 1.249419
-1.307014 3.655912 5.332919
-1.291107 3.581008 4.184614
-0.502458 3.543222 8.984545
-2.530421 3.529968 13.874905
-0.484208 3.572951 5.257187
-1.253536 3.654016 8.181908
-1.681587 3.509076 1.316987
-1.709555 3.540999 1.217606
-2.044211 3.638474 16.948044
-0.789033 3.734511 7.680551
-3.759417 3.539432 24.323622
-1.272361 3.735965 10.785060
-0.515738 3.530221 3.839814
-0.154242 3.640459 6.996709
0.434725 4.373489 36.722778
-0.168355 3.884564 8.295540
1.263469 3.529556 16.897242
0.767610 3.897991 13.809493
1.682771 3.982229 26.031662
0.829026 3.894834 17.228155
1.747802 4.113214 47.673557
0.828240 -1.972012 17.830914
-0.513872 -1.515433 2.539436
-0.705821 -1.774496 3.106379
-0.093129 -1.775562 12.448530
2.478178 -1.941873 31.276722
0.565751 -1.775694 14.066059
2.102811 -0.678891 14.440538
-0.027541 -1.503928 2.145979
0.398766 -1.467294 0.237559
1.931632 0.258874 17.955559
-4.047889 -0.662902 11.337473
-3.599858 -1.584524 9.448519
-3.180041 -1.702790 8.729527
-3.574247 -1.347497 7.516029
-3.448648 -1.114383 2.905606
-3.592802 -0.708770 2.769864
-3.459793 2.770851 10.818907
-1.995613 3.942860 6.695639
-2.634964 3.935582 3.754159
-2.427732 3.891999 4.684625
1.826151 2.254100 16.396315
1.008161 3.540658 9.613647
0.208974 3.629413 9.618082
0.998640 3.976271 9.442753
1.487748 3.389758 1.346666
-3.918008 -1.322329 13.600448
-10.506798 -0.648464 5.846204
0.227140 3.601150 3.241261
0.432408 3.604069 3.983737
-0.280113 3.674990 3.304833
-0.509297 3.528200 1.850236
-0.237268 3.469574 0.144968
-0.120513 3.675449 3.229099
-0.520393 3.628654 4.902759
0.473834 3.927297 18.145205
1.424793 2.566197 2.199946
1.442586 2.850722 0.566824
1.477128 2.919934 0.170652
1.549232 2.499339 1.291176
1.650195 2.791758 2.706579
1.599404 2.627351 2.624855
1.541521 3.396985 6.623414
1.544028 2.980738 6.578774
1.609567 2.970247 8.093658
1.751413 2.617908 5.170073
2.250747 1.609969 28.064854
2.030570 3.073129 14.000114
2.250748 2.854173 27.335451
2.021799 1.930227 14.029915
1.670607 3.626688 10.249810
1.438200 3.417472 1.896214
1.117053 3.589951 3.170945
0.931931 3.603995 3.140287
1.710850 3.352264 7.035800
1.815554 3.550703 12.970817
2.181634 3.342140 25.141764
1.849802 3.929830 43.345890
-1.360686 3.667472 3.011812
-1.437165 3.473897 0.567858
-1.081688 3.669574 7.531349
1.806788 3.475827 25.435230
-0.764259 3.871902 17.686821
2.401354 2.625895 18.017136
1.821537 3.645647 37.174377
2.805422 2.025491 45.958725
3.200061 3.354647 80.070915
2.687342 3.423792 30.609787
2.009805 3.709347 36.767536
-0.699207 3.734133 6.761391
-0.881797 3.869258 6.546210
0.199970 3.551203 16.555208
-0.720219 4.061039 23.871954
3.007221 3.786818 78.460098
2.393240 1.762699 18.275131
2.279927 2.280326 37.433285
2.050152 -0.750322 22.704159
1.883864 -0.580711 20.095417
1.932873 0.788520 15.922324
2.136699 -0.093343 24.097780
1.626518 -1.302384 2.574923
1.777637 -1.255570 7.527874
1.914236 -0.783596 10.448909
1.572725 -2.146062 16.712799
1.614098 -0.817727 2.633437
1.649322 -0.524107 3.549605
1.614098 -1.343201 11.341419
1.951513 -1.399148 21.459728
-2.045055 -1.931929 15.836781
-3.966181 3.415068 21.807819
-9.969493 2.540162 44.907288
-9.961265 2.504566 36.234962
-6.390514 3.014555 24.702213
-10.558522 2.507975 18.717855
-8.566890 2.574370 7.663692
-8.791752 2.512591 17.610739
-6.665140 2.822246 12.846302
0.813678 3.494214 1.602169
1.284277 3.478284 11.699628
0.520694 3.796827 19.129715
2.641822 2.714031 27.853403
2.474766 1.717707 25.363497
2.552609 3.936361 54.216171
-1.335905 4.100869 28.877026
2.724644 3.734443 27.719727
2.404703 2.080435 19.639660
1.844325 0.448376 6.215523
2.131322 0.667637 12.485762
0.660751 -2.019157 9.118827
1.236045 -2.134949 20.574923
-2.147680 -1.932484 23.322321
0.261818 -2.270427 22.669880
2.132668 -0.705930 11.640156
1.537524 0.941756 2.601106
1.473982 0.561477 2.426600
1.470739 1.563143 4.778065
2.136741 1.345696 10.988779
1.881770 1.564672 4.708632
1.536164 1.299706 1.025458
1.784960 1.542417 6.052217
-1.024971 -1.970488 19.394592
-2.010175 -1.683630 18.132921
-2.177947 -1.671927 7.495531
-2.563006 -1.604273 3.657340
-2.971993 -1.517432 0.672519
-3.056238 -1.616643 2.041677
-3.044614 -1.856985 9.006041
-3.257185 -1.914184 8.991922
-2.504344 -1.893050 14.351366
-3.697642 -0.550851 1.579953
-3.467484 -0.515205 0.678300
-0.575603 -1.634360 21.317123
-1.679257 -1.769966 9.131661
-1.886649 -1.688036 5.733864
2.628227 0.024890 15.785991
1.636459 -0.289119 9.513672
1.607517 3.634727 43.752041
0.179389 4.102508 6.906012
0.680517 3.711567 3.029989
0.196620 3.688442 1.014444
0.080520 4.046949 8.735836
1.345979 4.180740 20.214449
-1.520330 3.871234 9.418420
-0.963211 3.633125 5.493188
-1.198824 3.605551 5.495616
-0.481722 3.873238 10.143558
-4.068107 3.311553 5.444744
-3.317138 3.731986 6.958205
-3.185705 3.633832 5.569827
-3.551190 3.574768 7.434742
-2.413306 3.635670 3.765976
-3.088265 3.594195 5.652002
-2.957342 3.777015 10.192603
-0.710660 3.675545 25.205782
-0.570882 3.822483 9.317307
-0.060894 3.950789 22.780943
2.231496 2.766763 17.169722
2.513359 1.690274 42.761227
2.455657 3.076173 24.199011
1.945215 2.339507 3.065315
1.903940 2.493301 1.420290
2.264983 2.527637 12.819887
3.129046 3.695438 66.391251
2.420417 2.008457 30.935320
-0.591995 -1.935643 13.584356
0.941889 -1.458657 1.519536
-0.358580 -1.433309 5.528143
0.648968 -1.573728 1.003915
-1.603418 4.297393 20.558550
-4.403720 3.592717 38.360847
-3.222792 -1.771607 7.460914
-3.865044 -1.397807 13.695182
-5.628102 -0.608332 3.839590
-6.349440 -0.736132 20.322895
-6.111639 3.052077 18.482191
-7.075202 3.043036 34.278782
-2.916786 4.050793 10.820292
-0.618205 4.080543 32.467175
-1.318621 3.859627 21.324783
-3.484682 3.192903 1.558465
-3.016957 4.116335 28.360477
-3.640230 3.434914 0.302049
-3.062195 4.081163 5.387353
-2.198289 3.551114 2.300746
-1.288212 3.906837 9.101274
-1.906835 4.053962 14.837981
-2.185999 3.764849 14.934066
-2.316482 4.462440 20.028549
-3.462841 2.776031 8.077950
-3.741652 2.977521 20.105114
0.660416 4.271242 32.750042
2.191795 0.686078 16.109585
2.331566 -0.204249 31.230886
1.690883 4.014644 13.003187
1.861764 2.847353 10.182568
1.594253 3.498255 6.875662
0.202109 3.588015 4.694925
1.856967 0.122121 12.952503
-0.260394 -2.587979 22.277811
1.688896 0.884221 11.719280
1.799474 -0.618271 26.982336
0.279736 -2.284428 14.694367
-0.480237 -1.896428 3.529155
-0.929955 -2.146796 13.730182
-1.837551 -1.834168 7.164119
-3.923179 -1.002522 7.596345
-3.804571 -0.844401 5.485867
-3.742050 -0.470789 3.678064
-3.871042 -0.628492 5.734074
-4.131999 -1.345268 24.480774
-7.719626 2.660985 5.994670
-9.501027 2.494189 28.436424
-9.387523 2.598746 17.088085
-7.630418 3.048282 23.582912
-3.422517 2.595770 0.017545
-3.542812 2.846722 2.633276
-3.414558 2.903476 4.615226
-4.050312 2.598941 1.355772
-3.989985 2.590047 0.430063
-3.695207 2.551840 0.417924
-3.590651 2.649691 1.142256
-3.875917 2.792734 1.345194
-3.626601 2.630129 1.466510
-3.590651 2.848824 2.918782
-4.548632 2.580807 1.879972
-4.430217 2.642544 3.187666
-3.791351 2.895401 3.894000
-4.180562 3.033098 7.250577
-4.456707 2.618509 1.412634
-4.583897 3.122454 10.395585
-4.014426 2.538560 2.294537
-3.727776 2.542385 4.645761
-3.539079 2.534891 14.031290
-4.827966 2.768358 4.472631
-4.583870 2.776712 4.327274
-4.651919 2.558693 0.869444
-4.593315 2.644619 3.144258
-4.895880 2.557274 2.376515
-4.333313 2.860458 9.677333
-4.432014 2.548823 1.030780
-4.213815 2.638154 9.402903
2.476999 -0.600359 35.204880
1.885926 0.215350 14.497064
2.349650 0.583067 22.803328
1.650802 2.714253 4.038750
1.982207 2.771738 13.292824
0.228543 3.491392 2.478762
-0.399675 3.601749 4.452313
0.164488 3.559987 1.364234
-0.554231 3.485754 5.983896
-3.002740 -1.760378 4.792633
-3.536718 -1.729176 6.780507
-3.381090 -2.048532 16.172035
-4.142629 -1.806492 34.733097
-6.112595 3.023468 20.660215
-7.202865 2.512135 3.000288
-7.389306 2.803976 25.284513
-10.287095 2.821423 27.870867
2.454885 1.518477 29.031233
0.731435 -1.810467 2.089365
1.007273 -1.585543 0.886718
0.554125 -1.585230 0.388736
0.900906 -2.122433 15.088237
1.562289 2.884089 8.928488
1.579230 3.484915 6.997717
0.312142 3.430498 4.687236
-0.639195 3.721630 24.337826
1.102751 3.777309 9.093346
0.705149 3.989137 30.110916
1.616911 2.838088 2.780536
1.762549 3.369895 14.884199
1.671090 2.314947 4.123394
1.671090 2.584105 9.366477
1.673344 3.051134 10.610387
1.797054 2.465875 9.054704
0.559675 4.239515 11.277979
1.205990 4.203592 9.459918
0.941621 4.737930 24.596327
0.671991 3.660656 2.175541
0.580807 3.655402 2.212203
0.193497 3.658923 3.895845
0.645587 4.007867 9.946538
1.059967 4.187258 15.244502
0.942357 4.845992 29.444880
-1.121431 4.671955 27.600035
1.292065 4.075192 6.783637
1.695335 4.410808 27.357746
1.879546 1.716163 11.000955
1.099813 4.593894 45.658756
-1.399222 4.016079 26.361454
-1.807710 4.016946 36.173553
1.671090 1.888558 3.919387
1.879545 1.552002 10.136748
1.477360 2.172231 2.136540
1.658651 1.932030 4.601888
1.591554 3.252128 17.717159
-1.292506 3.489853 2.654536
-1.633491 3.487827 7.326299
-1.184953 3.749827 14.195356
-1.000069 4.119907 20.802784
-2.681575 3.882386 22.368053
-3.284401 3.816045 27.358826
-2.429210 4.291292 38.382622
-2.048884 4.084541 42.614334
-3.010865 4.251072 33.089058
-4.473903 3.706821 35.679619
-1.974494 4.499132 69.850624
-0.185046 3.661712 6.793017
1.051484 3.999163 16.132910
0.264189 4.108875 17.826038
-0.539172 3.596948 0.916112
-0.580751 3.935737 8.516431
-1.051207 3.664466 6.866881
-2.304527 3.551753 1.987184
-2.747961 3.453694 0.645952
-2.725913 -1.554895 0.810611
-2.615383 -1.865212 5.777117
-3.276466 -1.909389 9.920927
-2.304763 -2.026432 13.381238
-3.528999 -1.101209 6.699354
-3.404833 -2.131104 17.916763
-3.696580 -0.618572 10.010092
-3.553899 -1.196993 14.300220
-1.917039 -1.567664 4.782930
-0.024752 -1.724508 8.786664
-0.677924 -1.706810 13.701052
1.470781 -1.600526 28.024860
-1.080474 -1.573045 14.935075
-2.092211 -1.739301 8.013880
-1.970875 -1.458726 1.334386
-2.076184 -1.466909 0.900321
-2.509346 -1.529624 1.372393
-2.647562 -1.596613 4.452379
-3.004258 -1.517929 3.465081
-2.680786 -1.573791 4.374753
-2.751122 -1.603307 4.019543
-2.262043 -1.582173 5.029616
-2.671268 -1.777672 7.856973
-1.918889 -2.047648 23.380850
-1.009498 -1.846334 13.829329
0.628885 4.210374 25.449780
0.683343 4.202741 14.195030
0.636261 4.464241 36.877163
-1.802845 3.718206 17.502285
-5.778571 -0.618976 9.412259
-4.656014 -1.000879 11.378645
-4.325736 -0.578022 6.193362
-4.289513 -0.965337 10.998963
3.243380 -0.185281 39.128597
0.847010 4.212679 12.537293
2.510006 2.352630 14.183789
2.526491 4.222711 32.817890
3.010242 2.723220 54.388332
0.610097 3.923550 13.332612
1.402461 3.633611 11.145961
0.446262 3.658740 7.533272
1.353254 3.599144 4.882076
1.864239 3.474522 6.090159
1.961920 2.585723 6.690729
1.591483 1.145263 6.270444
-4.535575 -1.695131 35.403931
2.231969 2.874754 6.521041
2.761504 3.597464 30.236416
0.932009 4.038405 27.499165
1.152159 3.917080 27.401745
2.590335 2.222516 16.406799
2.246811 2.178251 7.178167
2.604119 3.281383 26.446999
2.838277 1.336614 23.813370
1.710460 3.929449 11.822210
1.551111 3.755646 12.069572
1.489287 3.774307 13.363907
2.605747 3.332184 32.820129
2.757688 1.824204 24.736301
1.942864 3.579672 7.249393
2.816447 3.059772 40.913307
2.890278 3.166302 29.437408
2.631757 2.810278 22.265696
2.459468 1.094970 15.856253
3.025960 0.521818 34.118156
2.813163 3.617643 36.124493
-1.152951 3.931725 4.554516
-0.023035 4.335312 21.939474
2.219915 2.320727 11.336529
2.850194 2.288792 30.948929
2.405389 4.227200 54.268967
1.869447 3.579551 9.276543
1.487798 3.221096 0.438923
1.919271 3.677821 8.704622
0.991310 4.028335 5.078281
1.028803 4.264177 11.257898
2.005111 4.333187 27.096901
2.270905 0.609952 16.846497
2.260264 2.579988 17.155491
2.601902 1.799321 29.725576
3.096264 1.147442 51.657383
2.242149 -1.428454 20.241154
2.016778 -2.037336 29.001797
2.021014 -0.024770 13.394077
2.051971 1.941023 23.096907
-2.125323 3.728783 19.490774
-1.014534 3.482627 4.638846
-4.423852 2.740319 17.075869
2.364646 0.029593 14.789525
2.560324 -0.253223 27.643908
2.078383 -1.188163 20.046413
2.693915 0.051001 62.281410
0.118427 -1.834351 1.813128
0.546241 -2.207021 23.070999
0.022540 -1.992119 11.079196
0.993867 -2.012099 39.236462
2.659422 0.775832 34.008892
3.011266 1.340148 38.644974
2.204263 -0.406058 11.754004
2.467953 0.396359 15.310144
2.581994 0.356299 19.227221
2.439896 2.499192 32.976265
2.481067 -0.578921 18.031321
2.576547 -1.091529 32.014450
2.756850 2.289649 33.147934
2.857244 -1.771347 35.231552
2.765424 1.349820 35.844986
2.300085 0.095807 14.195700
2.823574 1.736969 22.324356
3.241970 0.676815 43.529922
2.608112 1.312683 23.593428
2.678448 0.779947 28.389406
2.979259 -0.044198 36.927002
1.242088 -2.209015 38.188446
3.027507 1.553286 34.683250
2.485641 -0.137020 20.655550
2.060697 0.357988 4.863509
2.708707 0.595956 30.881100
3.017241 1.861244 46.467701
-0.539272 3.893769 7.782603
0.407222 3.936858 31.193962
2.969993 2.742234 44.742615
0.725428 4.256772 26.996729
1.307344 3.917048 20.471270
0.302162 4.048886 30.910767
2.729316 3.570492 39.750378
0.228870 4.043968 19.994186
0.189400 4.434615 37.072800
2.473965 0.185526 24.625263
2.968762 1.469064 43.453728
3.058050 1.117368 74.931175
2.809883 2.685589 33.228283
0.759318 4.280300 32.941593
1.342577 3.537387 2.449095
0.696967 3.475807 2.183201
0.915142 3.561288 0.638690
1.110149 3.677562 4.155280
1.363308 3.730552 6.060670
0.626456 3.872947 5.621006
1.201595 3.876852 10.906441
1.275604 3.743734 3.228248
2.160536 3.277535 7.068615
2.687346 3.205530 29.099705
2.613074 4.024172 39.663536
1.781469 2.621484 3.178052
2.016018 2.260801 6.414360
2.396468 2.577536 21.159702
1.490331 3.221980 5.939473
1.347152 3.897422 8.502909
2.184419 3.414138 23.377340
0.886728 -1.497385 0.324156
1.363657 -1.449185 2.196648
1.308152 -1.600800 3.867960
1.092477 -1.856041 8.996948
0.784659 -1.974181 16.522758
1.484466 -1.095725 4.387526
1.494045 -0.908823 3.101337
1.502005 -0.345372 0.353942
1.610104 -0.799641 9.282097
1.463027 -0.835705 15.032290
1.857743 0.153450 15.013332
-0.405559 -1.544658 0.285350
-0.578134 -1.517154 0.735337
-0.844009 -1.605713 5.766945
-0.253964 -2.327637 23.610258
1.700876 0.510073 6.734312
1.624784 1.138969 1.159835
2.023270 0.972089 14.286626
0.085866 4.369270 19.430487
-7.423027 -0.884967 11.861687
-7.507590 -0.847496 31.366238
-5.415121 -0.739834 5.211034
-6.918641 -0.663372 24.965187
-16.754011 0.458139 55.208504
-16.974567 2.444177 30.392830
-17.334471 1.584481 45.809853
-16.394165 1.851686 26.659264
-16.565939 2.440617 18.971836
-16.246828 2.443678 14.607546
-16.247581 3.604864 22.455055
-16.889116 2.450940 37.274666
-10.534669 2.888222 33.714687
-10.373506 3.065364 2.036855
-10.345107 3.424438 7.650718
-10.378690 3.410837 7.041456
-10.555155 2.756591 14.367067
-16.570183 -0.681564 23.236477
-16.512657 -0.729142 19.400738
-16.296659 -0.225164 15.105726
-15.784407 -0.363376 4.230853
-15.540275 -0.644812 3.483325
-15.512119 -1.075688 6.450714
-15.579642 -0.518717 3.706151
-15.625896 0.054640 2.164594
-15.579576 -0.130406 2.255919
-13.524178 -1.444227 9.725389
-14.530133 -1.573588 1.376312
-14.362017 -1.594453 3.625977
-14.173346 -1.589140 4.906664
-15.570732 1.133799 2.404953
-15.618412 1.294426 6.227530
2.426202 0.667202 13.990726
2.695009 1.068653 46.562176
2.705419 -0.783520 59.104877
2.216542 -0.822140 11.308543
2.216542 0.048223 10.422382
1.707947 -0.634519 1.210096
1.799905 -0.933124 6.095665
1.778928 -1.677117 18.783310
2.170639 -0.363333 16.765993
1.924845 -0.410651 10.907921
2.163551 0.369576 11.108980
2.366390 -0.505808 25.357378
2.426425 0.563671 26.123962
1.794615 0.433455 8.583590
1.977010 -0.202135 25.191742
1.661642 -2.458002 43.348061
2.351431 -0.223361 26.295582
2.781664 1.010745 24.834503
2.007954 -1.831879 35.613991
1.645671 1.204472 6.392213
1.789831 0.039803 14.210842
-0.408860 3.663735 1.139304
-0.571039 3.956634 9.173555
-4.066038 3.494784 11.656896
-4.381420 2.818557 18.059652
-3.716647 2.456538 5.645560
-4.450843 2.683726 18.668884
-3.469259 3.704085 10.738014
-2.415807 3.566131 2.098105
-2.235368 3.866593 16.406925
-2.162133 3.545660 6.133874
-2.548952 3.636874 4.204087
-2.851840 3.703189 2.585622
-2.172858 3.631916 9.139102
-6.698630 -0.697664 16.191196
-6.015783 -0.529379 11.191526
-5.612137 -0.964731 25.903978
-3.132401 -2.059289 10.582242
-1.953062 -1.587754 3.102629
-1.579940 -1.691667 19.228413
-2.755740 -2.788238 60.572235
1.280443 4.088708 15.599387
1.940288 4.263638 18.433002
1.852049 1.003968 9.052395
1.599679 1.261958 1.524763
1.661497 1.433167 3.310543
1.562505 3.266622 1.517486
1.329530 3.379785 0.095682
1.614311 3.194593 6.120066
1.425775 3.491581 4.029147
1.454927 3.595522 8.025460
0.827827 3.817059 3.160677
0.227220 3.490625 3.018729
0.747787 3.884852 3.398048
0.629940 3.741663 2.119124
0.311834 3.878787 6.592840
1.502745 3.926550 10.026446
0.623869 4.129358 10.204094
1.766860 3.545798 10.966554
0.874659 3.544833 3.506464
0.349525 3.771473 10.262889
0.773458 3.664202 6.934904
1.544262 2.241792 7.254436
2.316556 3.165251 17.837372
2.166686 3.571159 9.593941
2.461775 3.980257 26.298069
2.884115 1.624226 30.838993
1.200776 3.563334 7.564343
1.786515 2.439054 7.047376
2.057665 1.735529 21.025707
1.650468 3.706221 27.829344
2.759903 3.746466 31.269701
0.993316 4.399806 27.303116
2.228971 3.850222 44.931511
1.890720 3.903080 11.558538
1.804309 2.369748 19.194590
1.680596 2.638994 13.310327
0.825490 3.692953 4.292884
1.245217 3.824491 13.986607
1.749297 3.546884 7.381129
1.949235 2.606435 6.432733
2.152881 3.845474 33.382648
2.141184 3.334194 18.309187
2.420804 1.912022 23.333050
2.075937 1.866860 16.045658
2.227886 0.202721 21.245461
2.560571 1.247620 31.080723
2.238274 1.034459 16.436752
2.067249 -0.477220 13.018471
2.475807 0.319146 29.880501
2.288623 0.775996 21.678385
2.973001 1.693699 55.574051
2.145197 4.183528 50.245670
-2.080897 -1.689988 12.899038
-1.907989 -1.513062 2.308491
-1.987966 -1.620040 3.022753
-1.987575 -1.813583 7.045547
-1.789497 -1.651582 11.558467
-0.050437 -1.517007 8.873949
2.183676 1.309593 16.219847
-0.036790 3.549941 1.599496
-0.321004 3.495687 0.031207
0.136315 3.530020 3.260596
-0.624891 3.708824 5.338042
-0.526342 3.595944 2.265280
-0.231626 3.537429 1.029688
-0.093235 3.643826 0.697340
-0.128033 3.616047 1.193570
0.070984 3.644123 1.075793
0.105729 3.591182 1.624118
0.279923 3.687057 4.328290
-0.257029 4.133928 10.725728
1.004790 3.921256 9.289239
-0.853422 3.495170 5.897960
0.275638 4.259162 20.169039
-0.284341 4.533072 28.770899
1.187655 3.982392 19.623827
1.651646 3.502477 17.422211
-0.441315 3.597963 1.985628
0.495262 3.656414 9.966181
0.025364 4.022993 8.592954
1.221922 3.568428 13.595070
-0.844977 4.062808 13.215364
-0.222690 3.646243 2.744536
-0.133236 3.690676 1.492060
0.388076 3.768564 9.132685
0.142430 3.738408 9.798213
-0.576768 3.690235 0.982419
-0.755671 3.899543 4.145104
-0.476190 3.645805 2.301320
-0.759542 3.769343 2.702068
-0.989853 3.476515 3.230183
-0.578593 3.967683 7.141329
0.207134 4.209287 19.686306
1.163096 3.850178 25.440090
-0.202706 3.442294 3.565414
-0.467641 3.677435 2.570400
-0.131810 3.945574 10.403715
0.206299 3.619948 7.745723
-1.697740 -1.513001 2.714368
-1.821270 -1.541530 1.820476
2.374277 0.801986 28.463337
-0.563707 -1.536668 6.642450
-1.507494 -1.576473 4.151691
-1.292304 4.737414 39.647274
-1.287322 4.199457 10.956103
-1.446754 3.762799 2.396968
-0.900737 3.646518 0.784918
-0.960752 3.647303 1.972960
-1.342237 4.110971 9.781359
-1.869049 4.203452 11.420960
-0.436562 3.925305 10.593638
1.885514 2.856853 5.641182
1.876282 2.472787 5.829319
-8.560466 -0.989000 25.771851
-8.437573 2.953380 14.023522
-6.768063 2.600976 2.844533
-7.011205 2.834259 8.582064
-15.332980 -1.763907 36.908043
-13.543430 -1.989021 21.360703
-12.447527 -1.926272 20.693439
-14.556051 -2.390815 27.721785
-10.636127 -3.026117 22.625685
-9.648380 -1.135297 19.908976
-10.410247 -0.820415 30.640545
-16.577150 -1.447000 17.650368
-17.114296 -1.061046 38.694096
-14.661101 -2.312693 40.484261
-10.342999 -0.905155 14.654356
-16.887993 0.466870 38.409061
-16.382040 2.126998 11.135177
-15.973814 2.014713 3.909416
-15.809419 2.017392 2.442186
-15.809420 2.178189 2.795498
-16.162277 2.210677 12.790878
-16.382040 1.582729 10.261675
-15.910077 3.383362 11.697317
-15.910075 1.936042 7.515042
-16.265057 2.396812 19.756659
-16.824610 2.815540 39.565392
-16.265066 1.027348 16.330359
-16.621265 0.279389 25.560604
-17.016075 0.545348 33.689312
-15.479164 3.914152 26.633196
-16.007214 1.683113 11.214084
-16.055958 1.592866 10.484127
-16.359694 1.756853 28.975533
-16.403728 4.132201 49.658188
-16.682955 2.674725 39.007324
-16.619761 1.376078 22.921680
-15.149069 4.126863 27.289015
-15.154295 4.418989 30.635984
-15.464786 4.255086 43.629425
-15.831635 1.900975 5.702797
-16.278957 1.653889 27.947128
-15.507132 -0.298712 4.921000
-15.670827 0.811406 2.658143
-15.982440 0.660300 11.971928
-15.846073 1.321171 7.219419
-15.652754 0.763674 2.088601
-15.530058 0.696264 0.135948
-15.878761 0.886644 7.045135
-16.082014 0.357683 15.326782
-16.028591 0.013809 18.234087
-15.805457 1.903922 7.984195
-16.028589 1.502612 14.151987
-15.992538 -1.153115 18.810326
-15.626343 -0.307403 9.022388
-15.517368 0.790857 0.465473
-15.725718 1.116797 6.584207
-15.627257 1.908342 5.022982
-15.747308 3.300884 7.585591
-16.051668 2.479220 20.500391
-14.329346 3.836548 12.747189
-4.594272 -0.876316 24.791836
-8.272177 2.581163 12.619023
-7.708747 2.674205 3.178761
-7.683555 2.995365 12.392731
-7.733790 2.992764 18.537630
-9.170709 -0.800719 13.165314
-11.110083 3.938727 7.087869
-16.616514 2.493771 21.601507
-15.209736 4.060289 28.992279
-14.407014 5.557353 1.790325
-14.617817 5.806312 3.614310
-14.781425 5.184973 5.625018
-14.452966 6.098456 6.084287
-14.515485 6.081221 4.758777
-14.835355 7.333760 12.723711
-14.941092 6.716280 29.408438
-14.331273 8.384970 12.591545
-14.410747 7.702031 11.552679
-14.448030 8.384105 24.678185
-15.509346 9.818740 21.836298
-15.522732 10.050417 48.511410
-14.911150 5.899771 19.278862
-11.494904 17.002171 48.168407
-11.615560 16.675137 20.297932
-12.617494 17.185301 42.669621
-11.110679 17.093575 30.912216
-11.196658 17.333029 38.353138
-9.935853 14.311418 23.107180
-10.028631 14.607386 14.312285
-10.215187 16.826113 39.484421
-12.657123 16.816416 29.622282
-12.702358 16.118824 5.668357
-12.984380 16.687014 25.506838
-13.011099 16.027037 7.289079
-12.485894 15.970054 8.400029
-13.598652 16.156494 7.291708
-13.757956 16.775871 39.582645
-13.091605 16.715742 27.241261
-13.753805 17.289080 77.535965
-13.617168 16.840805 40.349869
-13.967624 17.222006 53.021637
-13.780308 16.907478 36.987904
-16.310413 16.333532 51.827164
-13.228190 16.845722 26.750420
-13.367355 16.374949 12.854777
-14.870270 16.425941 27.016685
-13.835590 16.524876 19.375610
-15.649387 16.921345 54.044071
-15.212660 16.148239 17.461597
-13.927881 17.293226 56.003998
-12.431220 16.972004 57.784630
-15.738789 17.507122 59.707661
-16.288790 15.704750 65.629326
-14.963456 17.527140 65.280922
-16.003578 16.162537 59.409199
-16.680235 16.906120 87.781700
-17.332472 9.560661 23.308710
-15.706336 17.322466 52.793079
-14.699175 17.147154 45.422268
-16.301121 15.395263 46.936348
-20.922194 15.938134 44.460659
-19.790882 16.645363 55.612637
-20.907648 17.021156 72.174416
-20.022989 11.281225 76.472656
-17.303972 11.173189 9.859170
-18.563240 11.091822 46.986626
-18.729111 16.085718 41.968544
-18.019718 17.129633 92.461494
-17.929354 14.957059 73.397537
-14.378491 16.986902 46.479435
-15.761766 16.960020 51.488922
-11.478075 17.378208 49.430958
-14.520823 16.383327 21.906214
-15.566537 16.597073 34.935501
-12.635049 17.670649 74.400368
-14.122963 15.947199 8.992579
-13.961531 15.587270 4.897203
-16.113659 15.216319 20.365189
-13.046550 15.687154 8.637535
-13.916907 15.831454 6.895543
-14.263236 15.696693 3.693303
0.022223 -2.036780 12.528584
-1.291647 -1.998271 7.874040
-0.645463 -1.716587 8.470455
0.172372 -1.775060 17.143505
1.022805 -1.512259 7.163562
0.875965 -1.511041 40.305637
1.053674 -2.117663 24.372055
2.754509 0.173469 20.203291
2.105620 -1.038330 11.884341
2.053493 -1.683043 19.717968
2.093057 0.601298 7.316803
2.284334 0.625714 11.606889
2.305742 -1.115008 17.996033
1.543936 -1.485459 1.681374
1.414785 -1.569740 3.057875
2.124928 -1.652833 32.447987
2.503303 -0.180984 26.228086
1.958485 1.087672 5.687037
2.599748 0.916465 21.771667
2.103797 1.148397 15.128911
2.106047 0.425396 10.655943
1.913907 0.300959 4.115500
1.993701 0.662733 7.001132
2.150350 -0.356502 15.132547
2.307322 0.344903 14.394511
2.992901 1.237630 42.389046
1.540403 1.153105 0.515068
1.637722 1.667474 3.430000
1.889210 1.472325 7.584211
2.228671 0.725102 14.677022
1.781472 -0.988376 6.639668
1.358900 -2.017347 6.212201
1.236271 -2.112170 8.563260
0.855946 -1.831731 1.986837
0.768446 -2.111973 7.086568
1.130553 -2.111325 7.356659
1.608797 -1.721832 7.180727
0.872289 -1.980883 6.268843
0.807862 -1.913216 1.902291
0.972268 -2.306716 10.113281
0.652592 -1.870326 3.116764
0.262049 -1.867706 3.559367
-0.768430 4.203069 18.744148
1.188873 4.426507 22.365528
1.715852 1.872054 12.314800
-1.642588 -1.913809 5.688385
-5.477150 3.244413 21.329872
-7.361360 2.925322 23.740540
-13.783138 -1.507271 9.812889
-13.041027 -1.786924 11.337457
-12.409563 -1.643325 6.592963
-13.446213 -1.486007 4.929470
-16.360620 0.818625 15.565851
-15.827975 0.009197 6.852139
1.744919 1.448967 7.195099
2.006598 1.012072 14.024235
-1.267347 -2.304271 25.808273
1.548871 -2.583629 36.124569
-2.500665 3.839771 22.913960
0.423142 3.621246 1.538570
0.689466 3.828922 7.103490
2.074735 0.984196 15.609953
1.879943 -0.549574 17.865530
2.159850 0.271810 21.961586
1.847187 3.186536 13.597050
-4.064898 -0.721185 11.372808
-3.624603 -0.912407 4.064476
-3.539360 -0.653191 3.088501
-3.263471 -1.744402 2.768457
-3.249057 -2.027419 4.881269
-3.502981 -1.693528 7.923778
-3.219323 -1.945049 4.797462
-3.508793 -0.855823 1.247811
-0.690495 -1.448503 5.451594
-2.772562 4.436182 14.956974
1.582645 -1.760821 25.501564
0.799896 -2.011461 51.953239
0.558899 -1.498772 9.296831
0.384748 -1.513973 3.614123
0.478591 -1.576699 7.013166
0.938872 -1.576435 25.198471
-1.547272 -2.519096 18.607391
-2.407538 -1.741119 7.719577
0.754990 -1.711091 20.678396
-0.479651 -2.488023 23.619469
-1.261890 -1.972447 4.308205
-0.470105 -1.935077 10.980233
-1.202433 -2.062298 6.762109
-0.791305 -1.960048 9.625316
-0.688264 -1.937600 10.587305
-0.507699 -1.984903 11.738674
-0.022818 -1.991364 19.715698
0.102752 -1.975879 19.132414
-2.759628 -2.224937 2.601337
-2.580134 -2.724928 15.202614
-0.789014 -2.759137 44.774231
1.862902 -2.438543 44.831825
2.937912 2.009673 27.604347
2.626993 1.887288 29.932354
2.890139 -0.150811 35.299751
2.430242 2.541822 23.140993
2.699683 2.401849 30.325031
3.110839 0.938531 44.436226
2.635637 -0.743796 18.540598
1.396349 -2.184354 23.423510
3.002918 -0.755569 38.192848
2.487965 1.761241 14.727291
3.110840 0.353328 45.658543
2.815192 -1.007156 37.937492
-3.161901 3.589798 4.390227
-2.805813 3.684777 1.575079
-3.008399 3.644063 1.380658
-3.325094 3.749285 11.072518
-3.312932 3.868300 14.405714
-2.169062 4.462851 20.103233
0.556996 3.548984 0.578207
0.634866 3.989709 12.918401
1.106565 3.546853 2.419400
1.412410 3.894773 17.910717
0.404184 3.929956 9.695264
0.029507 3.536854 1.846049
-0.043636 3.885847 12.850024
0.642840 3.609086 3.855672
1.188812 3.669978 8.967640
1.419211 3.665797 8.321779
0.664848 3.502819 5.397333
-0.079339 4.067153 16.627420
1.785103 3.653817 15.603261
2.541223 3.179378 29.451351
-2.042281 4.178933 31.041292
1.671609 4.124555 38.470890
2.157770 2.606562 13.624642
1.750062 3.400201 9.282932
2.076390 3.637146 23.371895
2.071863 4.199740 34.439323
-0.744899 4.006173 30.426771
2.122699 2.912275 18.229670
0.100825 3.801497 13.060596
1.309143 3.759621 33.984638
0.634214 3.635174 2.608889
1.013771 3.542537 1.068055
0.638600 3.842546 7.723027
1.658178 3.045117 5.538735
1.025926 3.535536 0.631124
0.398359 3.479021 1.732989
1.042543 3.652670 3.098042
0.500398 3.686028 3.874105
0.832750 3.560543 0.757195
0.884167 3.637563 1.045155
0.491373 3.542643 0.391123
1.101643 3.532747 0.340358
0.571515 3.528373 0.502337
1.495905 3.433886 5.842196
-8.559916 -0.765427 41.364841
-5.862288 -0.666604 2.808050
-5.791247 -0.769054 11.246041
-6.123209 -0.981646 13.372691
-4.229120 -0.925538 6.623193
-4.886458 -0.916058 7.300041
-4.437633 -0.890535 8.320937
-10.448044 -0.969057 23.223547
-16.226519 -0.668805 9.200347
-16.286095 -0.305175 12.919765
2.859748 2.152322 31.192448
2.712351 2.484028 35.795513
2.492770 -0.756680 31.196236
1.858218 -0.547609 4.624904
1.259345 -2.285383 10.187103
1.523204 -1.449011 0.841341
1.424652 -1.978784 7.444085
1.858217 -1.377609 14.609055
2.362817 0.652231 16.731380
2.592902 0.516377 31.253458
2.744013 1.312573 37.450348
2.429567 3.024373 14.700785
2.739184 2.734131 21.609810
2.214040 3.975179 24.849878
2.641127 2.529669 30.313946
1.026506 3.702503 2.012578
1.398009 3.480976 3.632552
1.186489 3.481239 0.046201
1.596732 3.516057 6.105495
1.764545 3.128628 6.333027
2.292852 3.412315 22.338598
1.912615 3.645966 12.100819
2.797556 2.862552 30.377554
0.840060 4.167862 39.623882
2.742201 -1.685964 48.789303
2.941221 1.496066 38.543259
2.120182 2.281436 24.105003
2.743942 1.913939 40.794571
1.127917 4.139365 36.077450
2.303048 3.623319 18.520229
2.342891 3.753184 28.924530
3.042645 0.818540 40.098228
2.677519 -0.839966 37.666492
2.965316 2.419220 42.599789
1.893458 0.471573 3.853625
1.643188 0.243841 2.445440
2.294241 0.371733 18.123478
2.782300 0.608875 41.986561
2.276852 2.624374 10.694478
2.626360 2.169365 26.987343
1.271700 4.227274 35.435471
2.763600 3.467890 42.480259
-0.067303 4.163134 36.426071
2.339121 2.754412 13.557250
2.420877 4.179730 34.721012
2.512172 1.377089 21.370481
2.681214 1.536802 31.324417
2.810765 3.582213 46.040428
2.474042 -1.074591 29.104959
2.394701 -1.552267 50.670475
2.742527 1.184458 33.942467
2.139937 0.264224 15.224207
2.556712 -1.088950 39.893288
2.943987 -0.469099 45.771702
2.284921 1.773068 26.777639
1.946986 0.664609 5.264780
2.612009 0.297717 49.143173
2.633573 2.621088 31.741598
2.801120 -1.339703 55.887615
2.894924 2.337151 46.534393
-1.320222 -1.666494 13.884749
-1.960610 -2.117255 14.412688
-0.300582 -1.948851 25.333267
-2.993000 -1.581734 1.524423
1.565007 -1.740353 10.560168
1.594599 -1.892568 12.164778
0.024317 -1.477916 1.151528
0.541863 -1.472350 0.777357
0.356308 -1.579336 5.326890
-0.522933 -1.507770 7.324369
-2.618921 3.568985 0.078307
-2.820852 3.932202 3.397336
-2.661262 4.016135 7.422890
-3.492496 3.769868 8.086666
-2.613668 4.269278 10.311215
-2.850446 4.221577 9.703203
-3.853285 3.543946 6.667620
-3.538587 4.527923 23.060785
-8.488232 -0.528915 2.237245
-8.328397 -0.554149 4.463463
-8.406250 -0.535603 9.793657
-7.929416 -1.009115 10.462082
-10.360413 -0.491309 10.193072
-10.241687 -0.604076 18.707043
-10.452816 3.022692 2.331759
-10.437748 3.140454 11.313316
-10.338935 3.561985 22.502394
-3.567710 2.591801 2.561179
-4.167142 2.632107 0.812760
-4.529682 2.777449 6.239267
-4.158518 2.592998 1.624314
-3.819952 2.958583 4.556463
-3.572343 3.049209 5.207808
-0.940784 3.435183 2.748222
-0.768561 3.499726 8.935710
-0.146866 3.749387 24.910664
-3.391630 2.672866 2.011441
-3.476148 3.046917 5.290835
-3.477487 -2.316494 16.809057
-3.375262 -0.820040 3.211717
-3.407322 -0.557229 1.828654
-3.735490 -0.625211 0.770586
-3.526548 -0.601421 1.995450
-3.574987 -0.980393 6.267281
-4.844094 -0.615542 10.637978
-4.680420 -0.838190 13.622602
-6.438048 -0.910522 20.866318
-4.310005 -0.545283 8.253071
-6.781583 2.987636 19.077955
-5.684897 2.783583 9.234880
-5.632204 2.977778 17.712523
-5.444255 2.943830 18.696739
-6.833560 3.021230 15.421928
-8.297857 2.711798 20.670900
-7.370481 2.481764 1.141241
-6.737351 2.512285 1.167012
-6.947506 2.582577 2.773143
-7.186348 3.009357 4.226096
-7.325852 2.569538 0.770684
-6.902599 2.640841 1.675388
-6.827779 2.500939 2.690017
-7.197788 2.596962 0.641366
-7.375068 2.627151 0.414235
-6.909356 2.715755 3.216716
-7.384611 3.011037 3.951726
-8.618802 2.866279 3.252297
-9.379490 3.006618 10.079237
-9.387335 -0.681959 15.723161
2.872459 0.756990 27.570118
2.171511 1.082946 12.883698
2.484172 2.759885 31.381382
2.181046 0.933033 12.682125
2.073836 2.661275 12.620852
2.344041 2.297819 44.402435
2.507022 3.169036 18.773323
3.047766 1.834111 41.737438
2.059742 1.253200 8.550852
1.673694 2.796704 12.188505
1.630671 1.226361 7.928819
1.596509 2.182323 2.683988
1.530775 2.097506 3.097068
1.631756 2.769317 15.509645
1.624892 1.488585 3.228076
1.746631 1.140805 7.833312
1.641275 2.597169 7.211664
1.552945 3.198133 4.517478
1.642932 2.580357 4.546165
1.464865 3.264609 0.059012
1.554497 3.241091 0.845920
1.597481 3.326536 10.315232
1.545806 2.409567 1.554725
1.602338 2.383944 2.766532
1.496424 2.467613 0.208701
1.493671 2.821740 3.163082
1.597479 2.585697 4.430228
1.532449 2.945723 2.436193
1.486097 2.286702 0.424160
0.288190 3.758707 10.424540
0.099340 3.978359 26.563663
1.022068 4.020972 22.016285
1.672153 1.880171 7.334995
-3.333249 -2.108925 13.783313
-3.596623 -0.561448 1.983186
-3.612377 -0.554377 2.222299
-2.063588 -1.716756 9.339861
-4.425814 2.966939 24.700495
-5.090365 2.987940 14.980807
-5.666727 2.850097 11.314368
-7.022009 2.963361 9.505919
-9.307370 -0.862403 5.997114
-16.119251 1.334325 8.422671
-16.133190 1.419920 7.596226
-16.133135 0.068479 20.914505
-16.351210 1.759878 12.800182
-16.040823 0.733179 16.492126
-16.179585 0.065662 33.706642
-16.477108 2.403269 16.932638
-16.923738 0.839747 50.036053
-14.673184 5.138414 21.289860
-14.542882 4.564088 7.147781
-2.630993 4.064121 4.159058
-2.324168 3.994051 17.662773
-3.644499 3.106579 18.170050
-0.278933 4.126219 10.884453
0.450716 3.701271 3.397542
0.659924 4.251166 26.299469
2.740547 1.584895 39.386833
-1.103005 3.629825 2.863689
-1.233970 3.617255 0.823637
-1.231403 3.554826 0.082782
1.914580 2.603015 6.723376
1.579563 1.415250 6.207828
1.856436 1.731217 10.273582
2.410989 2.447776 16.445915
0.354827 3.552835 11.871157
-0.943113 3.750871 22.597406
0.129524 3.586076 1.415630
-0.124990 3.647935 3.817130
-0.396080 3.504778 1.318494
-0.293669 3.644500 3.963120
-2.231059 -2.163514 18.386726
-3.620094 -0.958047 8.577553
-4.062808 -0.825621 19.605206
-9.066088 3.075927 15.078016
-9.626201 2.742697 9.648885
-9.344886 2.515568 0.385651
-9.159531 2.812653 1.305995
-9.157973 2.536877 0.617140
-9.443016 2.620570 1.456859
-9.597129 2.847125 5.453594
-9.503939 2.620644 0.534630
-10.053247 2.771326 7.535311
-12.829169 -1.781541 3.077643
-12.756910 -1.904116 7.131214
-12.813379 -2.146615 29.113504
-15.520996 -1.948012 18.318087
-15.391226 -2.260656 51.180389
-14.262882 -1.983223 19.217924
-14.513636 -2.289119 31.216871
2.890278 3.422640 30.041578
2.979651 2.296127 29.205473
1.277588 4.193861 42.536785
2.764063 -1.933722 51.329502
2.258243 0.075991 7.423018
3.484473 -0.969497 65.736511
2.968762 0.327807 40.570915
0.881741 -1.681036 19.752430
1.518981 -2.042894 49.064785
-0.232410 -2.331947 33.202156
3.182914 -0.756094 41.516647
1.141584 -1.542331 2.393496
1.538011 -1.967603 21.591606
1.656057 2.811967 24.157131
-0.618434 -1.568046 0.659963
-0.044592 -1.557550 7.144059
-0.567068 -1.956356 15.372163
2.069001 0.236669 21.004002
0.699517 -1.848917 8.663657
1.559012 -0.302180 1.874817
1.672385 -0.108212 6.682681
-3.927179 3.180908 10.908018
-4.616152 2.969388 40.644127
-1.497807 4.277112 20.603661
0.050699 3.922350 8.048709
-0.586412 3.631663 1.013019
-1.075676 3.767150 11.843165
-1.602219 3.565090 16.942453
-0.003473 4.172770 14.545439
-0.394091 4.144512 10.789984
-0.905707 3.479012 0.292475
-1.445121 3.559771 8.586068
-1.590569 4.002305 21.951744
-1.827050 4.137185 22.254768
-3.111468 4.114049 14.421441
-7.336165 -1.043908 16.672333
-9.598426 -0.921214 42.348019
-9.538902 -0.563732 9.674330
-8.581322 -0.786716 22.597187
-9.036188 -1.099714 19.869251
-8.116130 -0.953326 15.786377
-7.203556 -1.014979 15.310562
-16.145229 -0.236009 12.576210
-16.151190 -0.755513 12.687597
-16.771986 1.101955 54.207443
-14.365902 -1.759081 9.632276
-15.772173 -1.729962 32.312485
-16.560047 -1.385279 23.016628
-14.058727 -1.778382 7.554724
-13.137527 -1.530777 8.406979
-15.477528 0.528512 5.977713
-16.046637 0.520893 13.742806
-16.569036 -1.422630 27.652351
-8.185461 -0.561537 34.712147
-10.331323 -0.591422 5.453450
-10.561898 -1.302007 1.186535
-10.347272 -1.606055 21.426519
-8.763125 8.678378 48.761765
-11.381810 10.455700 20.470928
-15.148722 17.185089 39.430340
-11.769191 17.572800 74.339088
-11.534292 16.889174 30.137615
-13.338199 17.485811 56.267475
-12.048923 18.406286 50.222076
-14.186198 16.598719 18.614584
-14.805722 16.619432 34.988434
-13.974867 17.147116 65.628342
-11.623648 17.508904 74.446098
-11.647337 17.304211 64.124893
-11.596390 17.244785 46.467758
-12.222183 17.824512 12.579581
-13.409515 18.561001 30.049145
-10.767920 17.370638 15.437605
-12.258467 17.238411 16.932962
-11.391094 16.327600 7.671472
-12.037833 17.320845 11.194581
-11.858043 16.360529 1.606909
-11.601590 16.616482 7.958981
-12.821657 17.038837 10.126259
-12.072658 16.796280 5.908618
-11.988081 17.254004 14.470112
-11.131270 18.269743 28.093725
-12.862601 17.336147 11.420758
-11.795675 19.239563 54.436317
-10.245922 18.805729 38.685463
-12.040830 18.510895 32.038792
-11.058791 17.274244 24.305649
-12.685234 16.651865 10.749680
-12.157817 18.101538 43.520084
-11.829650 15.762259 6.175164
-10.217719 14.354712 4.637740
-10.425903 12.770384 6.012595
-10.371799 13.043200 12.589092
-10.339267 14.510425 13.158253
-10.329692 14.484980 2.039850
-10.430766 12.034445 0.617594
-10.293471 12.290284 5.962452
-10.204838 11.388318 20.140461
-10.387370 12.254839 4.387091
-10.309149 12.661346 3.360294
-10.431241 12.172209 1.727758
-10.332773 12.248978 5.234408
-10.568236 12.064384 1.678579
-10.478992 11.997045 5.420249
-10.517390 11.752723 2.807312
-10.431942 11.999722 3.042469
-10.356553 11.707639 8.887903
-11.569324 9.200314 8.536189
-11.597325 9.915578 9.319983
-10.802315 10.001330 10.334787
-11.525482 10.272102 2.547734
-11.503933 10.205523 1.950742
-11.143625 9.913825 10.901569
-11.523577 9.780940 3.169877
-11.522701 9.594584 4.031109
-11.610906 10.082693 7.729114
-11.159321 9.911013 8.706964
-11.623447 9.996344 8.221878
-11.677141 10.163177 3.279940
-11.160484 10.397046 1.944360
-10.642360 10.493019 9.289594
-11.055383 10.027044 9.620929
-10.949187 10.159164 4.231910
-11.552149 10.473678 0.659851
-11.326290 10.359961 1.496221
-10.524693 10.483807 6.461594
-10.907961 10.536688 3.302791
-11.381820 10.426136 1.806100
-10.209427 10.821575 7.795028
-11.569435 10.074931 3.317430
-11.670169 10.029856 2.858912
-11.649983 10.352092 1.513818
-11.591133 10.199456 4.744850
-10.139862 13.956456 11.133097
-10.140759 12.789893 3.776730
-9.961319 12.741961 9.436158
-9.552398 13.082548 32.162636
-13.398687 16.152605 7.851561
-13.314722 16.217964 8.245762
-13.594315 16.538177 16.938372
-13.316720 16.254448 11.395783
-14.103987 16.560577 20.577429
-13.279263 16.320187 12.069043
-13.017637 16.293409 9.096499
-13.612185 16.297224 15.558247
-11.562035 15.693931 4.374937
-12.656885 15.708378 10.151630
-11.860297 15.530665 0.498567
-11.671750 15.504433 0.760438
-11.252922 15.599849 8.675901
-10.805502 15.519013 9.005575
-12.102242 15.504753 1.404236
-11.833422 15.661839 2.666225
-12.044803 15.614699 0.952392
-11.551216 15.682056 6.935952
-11.745171 15.719551 3.570224
-12.060971 15.798992 3.682061
-12.050643 15.451114 0.231348
-12.244361 15.569456 0.868124
-12.097101 15.567286 0.166348
-13.219350 16.192019 12.995337
-11.351617 16.161797 15.215292
-12.271767 16.844555 34.676193
-15.794627 11.680006 7.243423
-16.337072 11.555399 16.917706
-15.827369 11.301002 1.880377
-16.496164 11.667904 21.904600
-15.645122 11.168854 20.633549
-15.864315 14.325378 5.300877
-17.838787 14.515961 11.123850
-16.962816 14.216662 9.099912
-17.983456 14.290394 19.902428
-16.777813 14.283010 8.473104
-17.767281 14.307449 20.249062
-17.472517 14.273809 14.280910
-19.274572 14.343186 6.600535
-19.218597 14.236733 21.240192
-16.445089 11.860760 13.984483
-17.802286 11.867550 2.480839
-17.695824 11.789888 4.306945
-17.622246 11.666328 6.574963
-18.673756 11.865018 11.291781
-22.538704 14.345999 7.721149
-22.478561 14.396680 5.856805
-28.083895 13.379935 12.766972
-29.175932 11.409837 45.882072
-28.258657 14.892975 25.173000
-26.222900 15.550318 10.762678
-25.784693 16.017216 16.016260
-26.416374 15.855332 9.024235
-26.509453 15.838326 14.537695
-27.310026 15.481446 5.856921
-28.526463 15.187491 26.399582
-27.260807 15.842727 18.402193
-26.599628 16.233856 41.372631
-27.954321 15.498117 23.526146
-25.261738 16.297667 22.578079
-24.854570 15.864817 2.107218
-24.827669 16.241213 12.401711
-27.853554 15.930897 31.553101
-24.308210 16.362297 18.027985
-22.988480 15.536166 0.051738
-22.757811 15.748083 2.325638
-22.932400 15.900615 6.152632
-22.464693 14.149949 6.450957
-22.366135 15.248232 6.328048
-22.464701 15.492520 3.774839
-23.012316 15.513673 0.211456
-18.272507 11.418603 14.581844
-19.483639 14.423120 5.055268
-17.915545 14.021845 1.739662
-17.841904 14.103092 4.204807
-17.844490 14.369898 15.314224
-19.245285 11.666513 4.715552
-19.177420 11.721579 10.823137
-9.262203 11.080402 28.903307
-9.631685 13.289608 11.606792
-9.834941 14.376319 9.855112
-9.840068 13.793574 9.231740
-9.834945 13.604544 7.054753
-9.422003 13.550195 20.103508
-10.074869 11.110556 8.948269
-10.152316 11.697968 6.365577
-10.393177 11.026435 8.581301
-9.778201 11.235928 22.559587
-10.005750 14.044074 5.334154
-9.237966 13.934402 26.549173
-9.351080 10.093549 38.646885
-10.027163 12.230050 6.263335
-9.644214 12.174885 10.851461
-9.285851 12.578132 27.985943
-8.956635 12.422412 47.098492
-9.981336 12.207249 8.186217
-10.366770 11.626827 1.678331
-9.951097 11.288950 13.577594
-10.087110 11.963644 11.078939
-10.087110 11.521007 11.048475
-10.122956 12.077641 8.143969
-10.377975 12.806463 9.117668
-10.376152 12.782316 6.847495
-10.470555 12.751742 4.195972
-10.468858 12.830283 3.355290
-12.153905 15.996361 6.182767
-11.407886 15.562737 0.442530
-11.348727 15.535335 0.740134
-11.373477 15.850348 5.589046
-12.049746 15.688179 2.792713
-10.981997 15.854196 6.542181
-11.254162 15.688663 2.407600
-12.502148 15.507049 9.546620
