0.830705 1.019845 6.287561
0.624688 0.280217 4.880923
-0.518827 -0.772605 6.868719
-0.736104 -1.136728 10.794200
-0.307790 -0.823641 5.230900
-0.899928 3.155550 17.491442
-2.832302 0.621348 13.102462
-2.470213 -0.283628 1.775953
-2.678585 -0.045901 1.028623
-2.490444 0.074581 0.417270
-2.544744 0.522390 1.452243
-0.915638 3.074318 7.709513
0.208880 3.077282 10.201204
-0.577606 2.992457 4.964109
-1.081223 3.129396 8.390173
-0.010048 3.073426 9.856537
-0.750015 3.135807 7.281821
-0.237602 3.095350 5.773246
-0.635240 3.246395 9.811074
-1.063148 3.083109 8.299664
-0.935222 2.552497 1.854018
-0.314856 2.662706 4.822877
-0.846839 2.547317 1.313148
-0.606624 2.882800 5.638521
0.396328 3.111153 9.411718
1.039044 1.990055 4.351387
1.017544 2.199950 6.791976
1.443996 1.967657 14.773775
1.386791 1.810326 13.956491
-0.399644 2.649975 3.803773
-0.180226 2.701028 9.373665
-0.253921 2.933594 19.116764
1.182638 1.518852 23.003376
-1.123408 2.621176 0.195140
-0.772342 2.625978 0.535234
-0.829916 3.002835 4.992090
0.245315 3.024541 21.472546
0.180947 3.127794 13.023596
-1.155731 3.066944 7.757627
-0.424759 3.236314 13.144411
1.265620 2.378941 16.603605
0.338494 3.144244 10.813719
0.153990 3.446937 21.963152
-0.509891 2.974236 8.128160
-0.518440 3.161128 10.611792
-2.290508 3.528872 20.597231
-2.645696 2.274180 9.878049
-0.886188 2.806375 21.728489
-1.743353 3.358949 18.153811
-1.670761 3.462220 11.201212
-2.488001 2.230948 10.129932
-2.612311 2.176437 0.806806
-1.831020 2.622062 10.567170
-2.171098 2.669001 3.602496
-2.582708 2.550493 1.809484
-2.640922 2.048133 2.073690
-2.582254 2.150823 0.282142
-2.582902 2.442721 2.287183
-2.498155 2.578754 1.556105
-2.182647 2.536562 1.652229
-2.129016 2.577545 1.530955
-2.551452 1.980589 0.749683
-2.507393 2.083821 0.506085
-2.498366 1.489763 7.856061
-2.685622 2.351689 1.876997
-2.613765 2.190067 0.830379
-2.273842 2.561361 0.591720
-2.599152 2.006864 1.016604
-2.372253 2.474362 0.839943
-2.610826 2.068609 2.525393
0.296257 -1.157494 5.576317
0.708985 0.121250 6.595301
0.693850 -0.442766 10.412833
1.009661 0.948860 9.624223
0.541991 -0.930883 6.660398
0.686290 0.943787 7.876607
-1.809424 3.279847 9.827136
-2.307262 2.475115 0.846090
-2.522309 2.604987 1.707201
-2.886648 2.855122 11.247608
-1.303596 3.100168 7.160768
-2.797075 1.847321 4.412977
-2.660168 1.555599 2.252133
-2.667781 1.889309 1.175275
-2.498746 1.625042 0.461597
-2.546233 1.817302 0.918872
-2.572334 2.079204 6.641422
-2.484376 1.230482 1.503164
0.469595 1.536783 0.337522
0.614895 1.201657 2.895686
-0.072302 2.787717 2.473754
-0.477187 2.766227 5.988128
0.457880 2.242069 6.631232
0.543462 1.311424 0.096978
0.636976 0.805851 2.329525
0.445204 -0.713212 7.134071
-0.723221 -0.974451 6.551844
-0.551546 -0.766853 2.410124
-0.242261 -0.618108 0.879139
0.183694 -0.516272 3.217640
-0.279051 -0.580609 0.633866
-3.125219 -0.624449 11.354284
-1.285567 -0.977104 0.553858
-1.438584 -1.117355 0.158982
-1.184885 -0.894690 6.579029
-1.778999 -1.915568 6.274102
-1.320811 -1.428798 7.718901
-3.466146 -1.306314 15.083620
-4.401291 -2.944647 5.171025
-3.833785 -2.248350 7.377317
-2.615975 -3.003868 16.320515
-0.791113 -0.753975 2.412503
-0.445518 -0.805026 11.916821
-0.148688 -0.876872 21.643665
-2.514514 2.855986 8.956948
-2.956038 2.567159 23.996231
0.026974 -0.876230 24.445244
0.749923 1.656546 11.770366
0.636428 0.490630 3.705783
0.618270 0.901347 1.823608
0.475351 1.550940 4.189085
0.531673 0.818013 0.440925
1.010696 0.710518 14.215465
-1.159535 2.864096 1.026623
-1.434734 2.926269 3.054746
-1.251956 2.693564 0.494729
-1.319916 3.049162 4.576723
-1.898903 2.556651 0.228680
-2.858458 2.610558 13.310190
-0.687863 2.913384 2.966059
-1.363650 3.017687 6.898474
0.673484 2.364122 9.133492
0.797352 0.858839 8.144803
0.858531 1.740938 8.835040
0.667853 1.813599 6.098532
-0.594202 -0.973734 7.844230
0.089775 -0.629432 3.363418
0.268589 -0.757270 9.088199
-0.137936 -1.052525 16.167200
-3.015673 1.089115 8.099960
-2.846972 -0.259595 11.990444
-3.178138 -0.180855 18.041182
-1.262981 -1.219146 5.010711
-3.111937 0.488012 13.729338
-3.066952 -0.499451 17.242599
-0.765199 -0.725722 1.982924
-0.932305 -0.891393 2.837754
-1.297304 -1.211572 6.702928
-2.635475 1.456469 2.865263
-2.945640 1.276519 12.412120
-2.737572 0.426058 5.980725
-2.835236 0.863495 6.702796
-1.265026 3.420208 15.295053
-2.601517 2.601427 5.037333
-1.597675 2.676391 4.677847
-1.584702 2.753070 4.808931
-2.861491 2.049464 11.786243
-2.635475 2.942992 13.717568
-2.574399 1.777337 2.888837
-2.663947 1.574862 6.901334
-2.655467 0.994121 4.883181
0.004298 2.600001 5.597476
-0.207241 2.472222 10.306842
-1.747501 2.465250 1.946054
-1.007900 2.530283 1.951761
0.040347 2.604995 16.647074
0.871849 -0.152992 12.485172
-0.258812 -0.548332 2.258572
-0.490026 -0.573124 1.280374
-0.751334 -0.654309 0.893040
-0.324429 -0.685183 0.900039
0.256575 -0.899907 10.042845
-1.670043 -1.446551 12.049023
-2.994841 -0.501652 21.871910
-1.550564 -1.439657 7.499441
-1.943007 -1.962600 4.690460
-1.662230 -1.858517 11.899136
-1.222966 -1.555145 17.099573
-2.478420 -0.726978 7.934687
-2.905532 -0.543826 16.614735
-0.678146 -1.012153 9.864078
-1.590600 -1.992987 24.373138
-2.817780 -0.978940 10.622458
-2.862817 -0.482594 7.541604
-2.870593 -0.304498 6.078671
-2.870593 -0.783313 13.109751
-1.731965 -1.591568 5.130810
-2.632952 -0.661041 2.232020
-3.349422 -1.880726 10.566246
-3.108448 -0.646850 20.607107
-1.934909 -2.035350 17.159513
-1.749526 -1.736717 6.747704
-1.722944 -1.830472 12.668880
-2.789059 -0.674199 13.103837
-2.942040 -0.605770 25.456715
-2.205489 -2.409628 0.564625
-2.226373 -2.594197 3.762795
-2.080855 -2.175314 0.231564
-2.119816 -2.294253 0.250245
-2.226646 -2.370939 1.167052
-2.148646 -2.612862 12.988214
-1.645769 -1.888087 13.812874
-5.319190 -5.009410 16.672703
-6.503429 -5.715994 61.899677
-2.264350 -3.247398 10.825800
-5.495049 -5.296726 35.037724
-2.855512 -0.899973 20.659855
-2.894614 -0.947213 23.821280
-3.182278 -0.505513 26.069948
-3.179126 0.098751 12.759063
-3.179126 -0.704532 16.095621
-3.139207 1.747349 16.327225
-3.232872 -0.551410 16.190508
-2.926687 -0.650510 12.162896
-2.982923 -0.309529 18.724686
0.637703 1.344431 2.508600
0.556108 1.274119 2.496175
0.553936 1.329542 3.183625
-1.841797 -2.204329 6.394610
-3.573549 -4.009463 54.540432
-2.723035 -0.227284 12.251385
-2.621413 1.512113 6.571510
-2.563107 1.438856 3.150298
-1.498251 3.152505 7.538367
-1.991884 2.539301 1.399262
-2.571531 2.297233 4.663398
-1.322330 2.628182 10.069214
-1.411181 2.550826 6.775761
-1.294025 2.557420 4.950678
-1.398891 2.581883 4.979004
0.710441 0.115873 5.194984
0.847192 -0.761481 29.655071
1.116528 1.012016 7.907110
0.660631 2.314067 7.752240
0.990039 1.045423 9.076628
0.536023 -0.354157 17.894558
1.323557 1.402967 17.154257
0.470748 2.553294 5.290824
-2.011483 3.206487 16.648254
-1.281873 2.807581 4.064520
-1.514763 2.624339 2.015013
-1.626167 2.685689 2.648913
-3.001513 1.673066 8.823687
-2.265543 2.568083 2.726964
-2.464731 2.422976 1.557892
-2.583650 1.973614 2.470920
-1.703607 2.488215 3.533720
-2.394785 2.528377 5.797669
-2.715529 2.171736 9.579515
-2.002320 2.442900 0.155396
-2.025829 2.517551 0.391551
-2.176111 2.511195 0.799402
-2.398836 2.615253 5.884748
-3.095647 2.450496 20.324760
-0.599521 2.541083 1.983676
-2.413548 2.614387 9.728785
-0.899695 2.471143 1.501377
-1.497209 2.463435 2.176400
-1.730031 2.557422 8.857596
-1.341743 2.513957 4.241704
-1.513846 2.607029 1.256291
-1.125560 2.532876 0.082012
0.964449 0.715073 5.555192
1.260337 1.116655 10.050585
1.054458 1.697146 5.495600
1.122875 1.060106 7.055709
1.499180 1.318016 22.224792
-2.844039 0.682763 18.544096
-3.787093 -2.381314 31.491272
-4.873774 -4.971710 34.680557
-0.942648 3.235955 8.957621
-1.593722 3.049789 4.330733
-1.742947 3.310256 9.026631
0.349040 3.425127 19.519434
-1.605723 3.016661 3.931830
-1.888812 3.212983 9.414877
-1.601619 2.779919 1.035191
-2.437730 2.602709 11.726933
-2.123895 2.598741 3.535941
-1.810837 2.515101 0.529969
-1.482920 2.520787 2.185265
-2.504346 0.969625 0.977773
-1.409979 -1.394210 8.606766
-2.106969 -2.481597 24.485481
-2.626457 0.465170 5.027890
-2.711289 0.003424 1.943456
-2.567413 2.845637 8.635920
-1.077835 3.438843 17.861240
-2.478056 1.562340 2.684997
-2.490584 1.276253 4.348686
0.726642 0.781078 3.278115
0.862221 0.957233 10.001656
1.259745 1.052166 31.975597
0.653266 0.751656 3.767875
0.601762 1.131969 7.371802
0.677059 0.559997 1.753571
0.786510 0.300315 7.722833
-0.068746 -0.533053 0.142726
-0.137250 -1.097769 13.371770
0.585808 0.441250 1.671255
0.539846 0.798230 4.200070
0.550772 0.607333 4.490863
0.494196 -0.426232 20.081358
0.481259 1.196821 3.917862
0.504618 0.891648 0.917587
-2.483589 1.545424 0.324405
-2.882287 1.563858 13.531863
-2.493391 1.919540 1.460706
-2.525236 2.375344 2.801494
-2.555494 2.405520 3.107182
-2.646911 2.216304 4.419306
-2.523524 1.568937 1.340814
-2.438560 1.968818 0.736920
-2.656521 1.921315 3.411043
-2.557868 1.457171 1.486030
0.822792 -0.076075 1.686788
1.214898 0.137713 11.924354
-0.499856 -0.851853 12.551810
0.482910 1.919607 3.591452
0.674221 1.302699 3.178275
0.631627 1.101624 0.980226
0.611919 1.346066 1.972805
0.715616 1.499520 7.793555
0.978470 0.747232 7.421797
1.274886 -0.269871 26.221996
0.953043 0.146460 3.422280
0.858664 -1.035461 18.965244
1.546163 -0.868281 36.096413
-2.568529 1.176149 3.842505
-2.679051 1.879917 10.751673
-2.530027 1.847434 2.569944
-2.557908 1.996011 7.734132
-2.640442 0.472967 5.332347
-1.278923 -1.125925 6.973623
-0.734197 -1.359593 26.604094
-1.465497 2.735015 3.771724
-1.835235 3.046813 10.907909
0.613189 -0.046583 12.765222
-1.085488 2.851100 9.788758
-1.687583 2.610059 3.413712
-1.291201 2.704722 6.370499
-1.748222 2.747246 3.072642
-2.090026 2.747163 6.533784
-1.277197 -1.267573 28.107571
-2.551135 0.550924 3.969554
-0.515878 2.513638 0.794692
-0.494126 2.627360 2.802034
-0.504154 2.867421 6.516663
-1.140084 2.811406 3.234738
-1.155657 2.584726 0.146491
-0.740133 2.516593 0.710862
-1.110740 2.593127 0.333107
-0.720246 2.818696 4.315493
-0.931687 2.864760 4.927686
-0.194448 3.027973 11.866356
-0.456839 2.699481 9.462402
0.821710 2.482831 7.115152
0.575574 2.729839 6.987969
0.962472 1.666028 4.957481
1.191860 2.203203 14.205704
0.629572 -0.417618 0.850468
0.502126 -0.436251 0.402116
0.175898 -0.701665 6.796245
0.827891 0.177573 3.343957
0.854565 0.118570 4.239265
-0.049983 -0.740441 7.757785
0.232922 -0.569110 5.820866
0.095944 3.079748 12.337708
-1.710403 2.929747 12.843250
-0.709439 2.809178 3.245105
-0.178489 2.831944 8.045002
-1.107114 2.925898 6.304165
-0.109682 2.463084 3.651525
-0.309300 2.633873 1.592036
-0.557539 2.923564 5.859894
-0.109911 3.095331 14.795032
-2.806403 -0.009752 8.758902
-1.635511 -1.805221 4.107799
-1.893237 -1.994016 0.091387
-3.861880 -4.070696 9.248552
-4.384034 -4.475060 8.471125
-4.116793 -4.245774 15.025378
-1.955121 -2.045692 0.095447
-1.919395 -2.113000 0.495240
-1.682920 -1.731944 0.177412
-1.567260 -1.791587 3.839835
-1.941310 -2.218806 1.134123
-1.705498 -2.312078 8.592831
-1.894436 -2.193782 4.299350
-1.599650 -1.675409 1.276281
-1.702461 -1.725782 0.047379
-1.703161 -1.715997 0.364824
-1.641613 -1.661787 0.924711
-1.577804 -1.881149 4.430045
-1.552501 -1.938965 4.849791
-2.204994 -2.524640 2.441059
-1.705730 -2.085802 4.325417
-1.514447 -1.395235 0.404968
-1.771808 -1.924175 2.340704
-3.624538 -1.987626 8.693923
-3.068256 -1.218837 5.990479
-3.364637 -1.914306 9.221210
-3.321371 -1.825626 5.993791
-3.783947 -2.117109 12.598034
-2.238493 -2.712728 15.627689
-3.116047 -1.250434 13.965823
-1.940537 -2.213735 3.291825
-1.974393 -2.174683 1.305438
-1.741612 -2.212278 6.576844
-1.400761 -1.380833 7.059560
-1.458333 -1.324056 4.711107
-2.415876 -0.479146 1.440272
-2.549932 -0.359022 1.797684
-2.653262 -0.392949 0.277886
-2.879123 0.085454 6.798172
-2.758577 -0.436536 8.897771
-2.828884 -0.601984 4.980048
-2.313727 -2.691867 2.370667
-1.915037 -2.129679 8.026373
-2.559675 -0.410192 5.988327
-3.096388 -1.547070 0.758940
-3.356080 -1.464962 13.422745
-2.667468 0.490290 8.496336
-2.498163 -0.329135 4.242504
0.821704 2.407482 8.933068
0.071361 3.090099 5.393971
0.931898 2.174803 5.881797
-0.189396 3.310468 15.528679
0.100863 3.447357 24.745243
0.650022 0.411572 1.783335
0.650022 0.087530 0.770292
0.698032 0.832915 5.304475
0.566732 1.480161 8.297967
0.096103 -0.661029 6.066238
-0.258523 -0.864199 20.948971
0.068243 -0.688093 7.790609
-1.728858 -1.767792 2.730284
-1.957836 -2.090347 13.840593
-1.277509 -1.016823 20.422424
0.571078 0.994302 9.938597
-3.193662 0.755944 28.904295
-2.760665 1.504653 4.521144
-2.809389 1.569648 5.293736
-3.320802 2.014739 25.070265
0.096197 -0.727758 3.044168
-0.284908 -0.780822 1.799349
0.676561 0.513708 4.243632
0.582333 0.583864 1.396516
0.627344 0.133671 1.517010
0.575115 1.036034 5.132421
-3.211773 2.279384 11.984911
-2.263641 2.950132 2.996264
-2.251595 3.460556 21.480114
-2.700503 3.229768 19.714725
-3.431957 1.972178 16.651112
-3.204284 1.800933 10.384845
-2.716146 1.270467 13.807512
-2.600140 0.704810 1.310157
0.242350 2.545682 4.079156
0.745176 2.418521 7.825780
0.511811 2.712955 11.550766
0.613325 2.518668 1.516058
0.617393 2.808602 12.512836
-1.689652 2.630440 1.169821
-2.077730 2.465813 2.827260
-1.513945 2.529768 0.210467
-1.865398 2.628755 1.821193
-0.996875 2.454567 3.678828
-1.227752 2.611471 4.138925
0.673802 2.027117 0.726647
0.830826 2.212478 5.539869
0.566811 0.564595 4.939927
