0.000000 0.000000 0.000000 0.000000
1.000000 -1.038292 0.962128 0.395043
2.000000 -0.843612 1.154123 0.136951
3.000000 -0.438164 1.172498 0.096721
4.000000 0.005335 1.001849 -1.642684
5.000000 0.475164 0.991079 -1.986396
6.000000 -0.438164 1.172498 0.523845
7.000000 -0.188760 1.001105 -1.691519
8.000000 0.066886 0.793682 -1.496391
9.000000 0.347708 0.371739 -1.688468
10.000000 -0.188760 1.001105 -1.863227
11.000000 -0.125629 0.798742 -1.904241
12.000000 -0.283527 0.574211 -1.615139
13.000000 -0.485026 0.339976 -1.633751
14.000000 -0.712553 -0.088812 -1.737883
15.000000 -0.754086 -0.346071 -1.998920
16.000000 -0.587649 -0.793341 -1.752071
17.000000 -0.712553 -0.088812 -1.864248
18.000000 -0.754109 -0.727466 -1.806863
19.000000 -0.485026 0.339976 -1.698159
20.000000 -0.517545 -0.088567 -1.556126
21.000000 -0.347312 -0.533635 -1.850106
22.000000 -0.485026 0.339976 -1.691114
23.000000 -0.517545 0.297245 -1.683769
24.000000 -0.540135 0.463621 -1.442983
25.000000 -0.546451 0.474708 -1.586269
26.000000 -0.547351 0.686158 -1.806764
27.000000 -0.546438 1.099052 -1.666096
28.000000 -0.738824 1.545509 -1.584172
29.000000 -0.756370 2.208654 0.428092
30.000000 -0.967905 3.088848 0.053429
31.000000 -0.546438 1.099052 -1.423903
32.000000 -0.738824 1.355270 -1.892390
33.000000 -0.951094 1.613284 -1.670712
34.000000 -1.182041 1.668585 0.295444
35.000000 -1.419331 1.699440 0.394528
36.000000 -1.464033 1.519974 -1.414504
37.000000 -1.685308 1.126363 -1.511287
38.000000 -1.907194 0.880119 -1.805298
39.000000 -2.335098 0.629883 0.556309
40.000000 -1.388219 1.523000 -1.547310
41.000000 -1.298628 1.318867 -1.446152
42.000000 -1.289527 0.904536 -1.597309
43.000000 -1.274269 0.459995 -1.600201
44.000000 -1.462960 0.187485 -1.816800
45.000000 -1.865994 -0.075726 -1.896479
46.000000 -2.116055 -0.129903 0.122200
47.000000 -2.388353 -0.158671 0.266912
48.000000 -2.116055 -0.129903 0.443540
49.000000 -2.566265 -0.158258 0.123178
50.000000 -2.116055 -0.129903 0.004774
51.000000 -2.181116 0.025882 0.499884
52.000000 -2.470400 0.031287 -1.754733
53.000000 -2.102662 0.096573 0.551782
54.000000 -2.469916 0.412450 -1.781597
55.000000 -2.102662 0.096573 0.119198
56.000000 -2.019761 0.399026 -1.699849
57.000000 -1.819631 0.818712 -1.722304
58.000000 -1.398467 1.456498 -1.400185
59.000000 -1.144062 1.931077 -1.542162
60.000000 -1.079239 2.598101 0.481361
61.000000 -1.322942 1.528047 -1.502693
62.000000 -0.758193 1.929866 -1.452740
63.000000 -0.076681 2.600329 0.008797
64.000000 -1.322942 1.528047 -1.513083
65.000000 -0.949739 2.121644 0.091749
66.000000 -0.672941 2.810746 0.272459
67.000000 -1.322942 1.528047 -1.585473
68.000000 -1.144062 2.313513 0.584784
69.000000 -1.079238 3.022261 0.255110
70.000000 -1.322942 1.528047 -1.486888
71.000000 -0.949739 1.929004 -1.966293
72.000000 -0.284540 2.597147 0.326218
73.000000 -1.322942 1.528047 -1.712023
74.000000 -1.144062 2.123624 0.459744
75.000000 -0.886917 3.005716 0.444845
76.000000 -1.322942 1.528047 -1.772355
77.000000 -0.758193 2.301263 0.575005
78.000000 -0.270694 2.998769 0.005644
79.000000 -1.322942 1.528047 -1.418178
80.000000 -0.949738 2.311601 0.332271
81.000000 -1.819631 0.818712 -1.540083
82.000000 -1.553938 1.306110 -1.923611
83.000000 -1.355903 1.920945 -1.922213
84.000000 -1.116523 2.595979 0.084558
85.000000 -1.553938 1.306110 -1.642148
86.000000 -1.161456 1.726324 -1.529797
87.000000 -0.903481 1.996616 -1.559678
88.000000 -0.837026 2.267141 0.127627
89.000000 -0.903481 1.996616 -1.470964
90.000000 -0.449835 2.441156 0.350505
91.000000 -1.085748 1.764389 -1.645762
92.000000 -0.903481 2.188935 0.514018
93.000000 -0.837027 2.480515 0.326807
94.000000 -0.903481 2.226058 0.120568
95.000000 -2.019761 0.399026 -1.831581
96.000000 -1.629143 0.811990 -1.797149
97.000000 -1.002240 1.253047 -1.916976
98.000000 -0.289344 1.971235 -1.516211
99.000000 0.181489 2.598846 0.421292
100.000000 -1.002240 1.253047 -1.834267
101.000000 -0.289344 1.512645 -1.535205
102.000000 0.414580 1.792990 -1.979920
103.000000 -0.289344 1.512645 -1.840465
104.000000 0.181489 1.793589 -1.737084
105.000000 0.875386 2.174101 0.385168
106.000000 -0.289344 1.512645 -1.579467
107.000000 0.645206 1.796013 -1.696393
108.000000 -1.629143 0.811990 -1.841169
109.000000 -1.002240 1.067736 -1.739129
110.000000 -0.062876 1.575526 -1.402440
111.000000 0.813372 1.749504 -1.440212
112.000000 -1.629143 0.811990 -1.487327
113.000000 -1.386257 1.064149 -1.965068
114.000000 -1.096286 1.341212 -1.625926
115.000000 -0.854064 1.798546 -1.726985
116.000000 -0.653396 2.155976 0.242717
117.000000 -0.415544 2.606702 0.598708
118.000000 -0.653396 2.155976 0.180943
119.000000 -0.220839 2.606028 0.209459
120.000000 -0.854064 1.798546 -1.531977
121.000000 -0.653396 2.348117 0.592776
122.000000 -1.386257 1.064149 -1.918749
123.000000 -0.863459 1.115855 -1.678444
124.000000 -0.215422 1.170814 -1.835070
125.000000 0.392720 1.319212 -1.532769
126.000000 -1.554263 0.848932 -1.724190
127.000000 -1.386257 1.256889 -1.708536
128.000000 -1.327164 1.971935 -1.604291
129.000000 -1.260099 2.371909 0.401183
130.000000 -1.327164 1.971935 -1.406244
131.000000 -1.027426 2.374031 0.095085
132.000000 -1.327164 1.971935 -1.464552
133.000000 -1.027426 2.604074 0.019521
134.000000 -1.386257 1.256889 -1.545738
135.000000 -0.863459 1.519585 -1.467367
136.000000 -0.445126 2.032002 -1.567565
137.000000 -0.011434 2.589765 0.305566
138.000000 -1.386257 1.256889 -1.611901
139.000000 -0.863459 1.976209 -1.948971
140.000000 -0.215421 2.824539 0.486338
141.000000 -1.554263 0.848932 -1.909995
142.000000 -1.386257 1.448901 -1.672402
143.000000 -1.327164 1.923917 -1.763256
144.000000 -1.260101 2.666440 0.358824
145.000000 -1.386257 1.522713 -1.603858
146.000000 -0.863460 2.151890 0.042042
147.000000 -0.445126 3.070067 0.519179
148.000000 -1.554263 0.848932 -1.780159
149.000000 -1.154021 1.063412 -1.935050
150.000000 -0.457703 1.344967 -1.667831
151.000000 0.420558 1.794047 -1.966696
152.000000 -1.554263 0.848932 -1.430431
153.000000 -1.154021 1.521650 -1.704604
154.000000 -0.457703 2.144555 0.380496
155.000000 0.192354 3.058883 0.519515
156.000000 -1.154021 1.521650 -1.727546
157.000000 -0.457703 2.365256 0.179401
158.000000 -2.019761 0.399026 -1.917668
159.000000 -1.554263 1.062702 -1.639377
160.000000 -1.154022 1.675652 -1.943980
161.000000 -0.921441 2.349406 0.553188
162.000000 -1.554263 1.062702 -1.415772
163.000000 -1.154021 1.899474 -1.537098
164.000000 -0.688623 2.512548 0.006440
165.000000 -2.102662 0.096573 0.406720
166.000000 -2.019760 0.215650 -1.832175
167.000000 -2.013629 0.627034 -1.761356
168.000000 -2.193779 1.321316 0.101546
169.000000 -2.146871 2.178893 0.365590
170.000000 -2.274294 3.272224 0.214495
171.000000 -2.013629 0.627034 -1.937837
172.000000 -1.961831 1.104530 -1.429162
173.000000 -2.190729 1.565130 0.178366
174.000000 -2.609014 2.254058 0.518556
175.000000 -1.961831 1.104530 -1.766025
176.000000 -1.958229 1.333359 -1.960591
177.000000 -1.725758 1.855449 -1.540779
178.000000 -1.396947 2.416770 0.454614
179.000000 -1.961831 1.104530 -1.547799
180.000000 -1.725746 1.791946 -1.826832
181.000000 -1.782431 2.662113 0.508735
182.000000 -2.013629 0.627034 -1.877110
183.000000 -1.961831 1.332436 -1.951793
184.000000 -1.725745 2.187690 0.425489
185.000000 -1.782430 3.282903 0.126052
186.000000 -2.019760 0.215650 -1.760337
187.000000 -2.013629 0.627034 -1.761497
188.000000 -2.193866 1.064144 0.361526
189.000000 -2.409513 1.789649 0.461005
190.000000 -2.013629 0.627034 -1.434689
191.000000 -1.805040 1.066160 -1.439018
192.000000 -1.782169 1.335858 -1.770606
193.000000 -1.955100 1.854943 -1.555223
194.000000 -2.162601 2.040427 0.517073
195.000000 -2.208894 2.100205 0.536578
196.000000 -2.507669 2.134933 -1.654911
197.000000 -2.208894 2.100205 0.039484
198.000000 -2.036561 2.409980 -1.654800
199.000000 -2.162601 2.040427 0.566938
200.000000 -2.198049 2.484034 0.302425
201.000000 -2.162601 2.040427 0.026844
202.000000 -2.590748 2.483426 0.430520
203.000000 -2.162601 2.040427 0.293511
204.000000 -2.417834 2.099614 0.595490
205.000000 -2.162601 2.040427 0.546714
206.000000 -2.590369 2.107795 0.116899
207.000000 -2.124388 2.039228 0.188963
208.000000 -2.590910 2.294086 0.030739
209.000000 -2.124388 2.039228 0.161822
210.000000 -2.393574 2.485033 0.542968
211.000000 -2.124388 2.039228 0.493380
212.000000 -2.202512 2.316565 0.499607
213.000000 -1.782169 1.335858 -1.813838
214.000000 -1.955100 1.854943 -1.891539
215.000000 -1.968116 2.039353 0.447014
216.000000 -2.179362 2.484376 0.336789
217.000000 -1.968116 2.039353 0.370511
218.000000 -2.179865 2.102531 0.435347
219.000000 -2.428404 1.938482 0.092683
220.000000 -2.179865 2.102531 0.293767
221.000000 -2.221306 1.936724 0.420783
222.000000 -2.368189 1.922743 0.362950
223.000000 -2.221306 1.936724 0.593373
224.000000 -2.516777 1.543728 0.573847
225.000000 -2.179865 2.102531 0.048570
226.000000 -2.595156 2.333678 0.463866
227.000000 -2.179865 2.102531 0.030056
228.000000 -2.429567 2.141172 0.055901
229.000000 -2.179865 2.102531 0.192998
230.000000 -2.206908 2.401656 0.377064
231.000000 -2.179865 2.102531 0.477980
232.000000 -2.596678 1.950439 0.222305
233.000000 -2.179865 2.102531 0.065341
234.000000 -2.413617 2.364417 0.530272
235.000000 -2.179865 2.102531 0.001743
236.000000 -2.222314 2.162402 0.596028
237.000000 -2.524606 2.056674 -1.959751
238.000000 -2.135504 2.207989 0.054983
239.000000 -2.066921 2.111543 -1.553274
240.000000 -1.697710 2.130265 -1.564451
241.000000 -1.095344 1.962648 -1.413647
242.000000 -0.640265 1.578425 -1.860200
243.000000 -0.176187 0.960622 -1.454175
244.000000 0.084815 0.115522 -1.688622
245.000000 0.131772 -0.775767 -1.981463
246.000000 -0.137962 0.959420 -1.578725
247.000000 0.084815 0.489003 -1.447674
248.000000 0.520039 0.202506 -1.718240
249.000000 -0.137962 0.959420 -1.417804
250.000000 0.278362 0.107132 -1.707320
251.000000 -0.640265 1.578425 -1.871140
252.000000 0.094862 1.415604 -1.611917
253.000000 0.687215 1.099820 -1.588899
254.000000 -0.640265 1.578425 -1.471215
255.000000 -0.368849 1.190620 -1.634309
256.000000 -0.127513 0.511274 -1.633084
257.000000 0.287051 -0.350153 -1.537897
258.000000 -0.368849 1.190620 -1.973007
259.000000 0.066967 0.894608 -1.898485
260.000000 0.500343 0.839402 -1.506891
261.000000 -0.368849 1.190620 -1.701725
262.000000 -0.317601 0.705276 -1.777784
263.000000 -0.498621 0.431627 -1.996744
264.000000 -0.533479 0.369149 -1.904894
265.000000 -0.770340 0.532065 -1.796215
266.000000 -1.208813 0.918854 -1.849292
267.000000 -1.489537 1.546395 -1.542148
268.000000 -1.774573 2.409825 -1.675987
269.000000 -1.208813 0.918854 -1.613532
270.000000 -1.489536 1.357139 -1.795213
271.000000 -1.969092 1.823814 -1.895867
272.000000 -2.263412 2.105111 -1.774455
273.000000 -2.388965 2.385115 -1.977041
274.000000 -2.263412 2.105111 -1.601787
275.000000 -1.969092 1.823814 -1.683239
276.000000 -2.457469 2.491763 -1.510816
277.000000 -1.489536 1.357139 -1.818223
278.000000 -1.581026 1.821635 -1.735883
279.000000 -1.451575 2.482194 -1.604922
280.000000 -1.489536 1.357139 -1.495230
281.000000 -1.581026 1.631570 -1.900834
282.000000 -1.837265 1.896493 -1.674252
283.000000 -2.090095 1.951865 0.473624
284.000000 -2.547900 1.798867 0.126259
285.000000 -2.051886 1.950780 0.255792
286.000000 -2.360612 1.791065 0.464466
287.000000 -2.051886 1.950780 0.142622
288.000000 -2.363450 1.981073 0.498461
289.000000 -2.051886 1.950780 0.492545
290.000000 -2.159928 1.793026 0.574254
291.000000 -2.448660 1.594643 -1.800656
292.000000 -2.159928 1.793026 0.296123
293.000000 -2.448631 1.786812 -1.670767
294.000000 -2.159928 1.793026 0.395969
295.000000 -2.241570 1.787465 -1.849971
296.000000 -2.568557 1.966893 -1.463927
297.000000 -2.159928 1.793026 0.500087
298.000000 -2.448837 1.407422 -1.728932
299.000000 -2.083460 1.796233 0.380758
300.000000 -2.021359 1.787374 -1.851210
301.000000 -1.846667 1.774112 -1.991920
302.000000 -1.840866 1.772560 -1.570493
303.000000 -1.651574 1.579340 -1.694675
304.000000 -1.459194 1.368945 -1.596201
305.000000 -1.058746 1.332058 -1.460706
306.000000 -0.829553 1.115911 -1.963867
307.000000 -0.599135 1.088817 -1.639381
308.000000 -0.185836 1.068289 -1.806359
309.000000 0.047576 1.255784 -1.458885
310.000000 0.314975 1.467039 -1.558108
311.000000 0.047576 1.255784 -1.751685
312.000000 0.313415 1.273744 -1.818026
313.000000 0.047576 1.255784 -1.789976
314.000000 0.087155 1.649547 -1.983318
315.000000 0.096015 2.273045 0.590931
316.000000 0.087155 1.649547 -1.813379
317.000000 -0.096793 2.260624 0.547642
318.000000 0.047576 1.255784 -1.683889
319.000000 0.315447 1.657781 -1.601096
320.000000 -0.185836 1.068289 -1.897249
321.000000 0.242212 1.255641 -1.436717
322.000000 -0.185836 1.068289 -1.432409
323.000000 0.047576 0.871132 -1.852042
324.000000 0.474900 0.849050 -1.989901
325.000000 0.047576 0.871132 -1.514022
326.000000 0.087155 0.476106 -1.727890
327.000000 0.095869 -0.149344 -1.427324
328.000000 0.348009 -0.628466 -1.976665
329.000000 0.087155 0.476106 -1.730517
330.000000 -0.096793 0.045269 -1.607712
331.000000 -0.514015 -0.409262 -1.587695
332.000000 0.087155 0.476106 -1.551125
333.000000 -0.096793 0.229600 -1.653797
334.000000 -0.131242 0.172823 -1.478184
335.000000 -0.366791 -0.045253 -1.497036
336.000000 -0.417151 -0.263744 -1.702657
337.000000 -0.457371 -0.522351 -1.436766
338.000000 -0.417151 -0.263744 -1.846025
339.000000 -0.265438 -0.516271 -1.460985
340.000000 -0.417151 -0.263744 -1.543134
341.000000 -0.267212 -0.318101 -1.447839
342.000000 -0.060904 -0.470923 -1.773609
343.000000 -0.267212 -0.318101 -1.412460
344.000000 -0.263011 -0.624566 -1.898103
345.000000 -0.193153 -0.239885 -1.707374
346.000000 -0.273170 -0.193172 -1.843909
347.000000 -0.465490 -0.041510 -1.583946
348.000000 -0.688961 -0.059665 -1.915023
349.000000 -0.934769 -0.281277 -1.739351
350.000000 -1.381803 -0.346505 -1.738471
351.000000 -2.042249 -0.417701 -1.467512
352.000000 -2.932714 -0.662407 -1.577438
353.000000 -1.381803 -0.346505 -1.889063
354.000000 -1.656937 -0.610050 -1.751523
355.000000 -1.738746 -0.879479 -1.822598
356.000000 -1.567476 -0.991687 -1.886061
357.000000 -1.397774 -0.974754 -1.818810
358.000000 -1.567476 -0.991687 -1.972544
359.000000 -1.442505 -1.142687 0.223741
360.000000 -1.567476 -0.991687 -1.626841
361.000000 -1.656937 -0.610050 -1.904803
362.000000 -1.932368 -0.881570 -1.511781
363.000000 -2.000957 -1.168294 0.144099
364.000000 -1.846203 -1.464687 0.566582
365.000000 -1.932368 -0.881570 -1.989009
366.000000 -2.000957 -0.976445 -1.672865
367.000000 -2.046819 -1.058354 0.357964
368.000000 -1.877438 -1.313996 0.406913
369.000000 -1.483420 -1.395775 0.115754
370.000000 -2.046819 -1.058354 0.061324
371.000000 -2.071874 -1.316122 0.222102
372.000000 -2.090017 -1.393901 2.216624
373.000000 -2.299810 -1.659710 2.197922
374.000000 -2.528893 -1.742189 2.015705
375.000000 -2.528893 -1.742189 2.129212
376.000000 -2.528893 -1.742189 2.006689
377.000000 -2.528893 -1.742189 2.136760
378.000000 -2.528893 -1.742189 2.058299
379.000000 -2.528893 -1.742189 2.039038
380.000000 -2.581501 -2.011119 4.194651
381.000000 -2.528893 -1.742189 2.553380
382.000000 -2.299810 -1.659710 2.429782
383.000000 -2.090017 -1.393901 2.136395
384.000000 -2.299810 -1.659710 2.341147
385.000000 -2.528893 -1.742189 2.141064
386.000000 -2.581502 -1.626747 2.356862
387.000000 -2.528893 -1.742189 2.190240
388.000000 -2.299810 -1.659710 2.536292
389.000000 -2.090017 -1.393901 2.212838
390.000000 -2.299809 -1.469004 2.239030
391.000000 -2.719797 -1.531763 2.445581
392.000000 -3.368731 -1.774115 4.559636
393.000000 -2.719797 -1.531763 2.422930
394.000000 -2.299809 -1.469004 2.355468
395.000000 -2.090017 -1.393901 2.403543
396.000000 -2.299809 -1.469004 2.014098
397.000000 -2.719797 -1.531763 2.196517
398.000000 -3.005469 -1.384571 4.218321
399.000000 -2.719797 -1.531763 2.157691
400.000000 -2.299809 -1.469004 2.530841
401.000000 -2.090017 -1.393901 2.369043
402.000000 -2.104824 -1.663750 2.046548
403.000000 -2.286382 -1.955709 2.331683
404.000000 -2.642283 -2.287249 4.299383
405.000000 -2.286382 -1.955709 2.040474
406.000000 -2.104824 -1.663750 2.016738
407.000000 -2.090017 -1.393901 2.132270
408.000000 -2.299809 -1.469004 2.500173
409.000000 -2.719797 -1.531763 2.303803
410.000000 -3.368731 -1.406606 4.301072
411.000000 -2.090017 -1.393901 2.475990
412.000000 -2.299810 -1.659710 2.157165
413.000000 -2.719797 -1.930773 2.518507
414.000000 -3.368771 -2.398602 4.077428
415.000000 -3.912750 -2.666226 24.486853
416.000000 -2.719796 -1.894589 2.420937
417.000000 -3.181790 -2.024510 4.352121
418.000000 -3.181790 -2.024510 4.216648
419.000000 -3.181790 -2.024510 4.275860
420.000000 -3.181790 -2.024510 4.179176
421.000000 -3.181790 -2.024510 4.227394
422.000000 -3.181790 -2.024510 4.324263
423.000000 -3.702057 -2.267643 4.247468
424.000000 -3.181790 -2.024510 4.549465
425.000000 -2.299810 -1.659710 2.164782
426.000000 -2.071874 -1.316122 0.596210
427.000000 -2.284109 -1.773772 2.420099
428.000000 -2.514043 -2.081044 4.316172
429.000000 -2.723720 -2.121675 4.260400
430.000000 -2.821203 -2.476823 2.314271
431.000000 -3.058342 -2.558991 4.249323
432.000000 -2.761971 -2.197140 4.446042
433.000000 -2.284109 -1.773772 2.483489
434.000000 -2.494488 -2.475698 4.004348
435.000000 -2.046819 -1.058354 0.422241
436.000000 -2.071873 -1.122192 0.310674
437.000000 -2.090017 -0.986012 -1.904363
438.000000 -2.105850 -0.828835 -1.560647
439.000000 -1.926244 -0.844395 -1.500420
440.000000 -1.727780 -0.678595 -1.430412
441.000000 -1.299159 -0.541023 -1.422933
442.000000 -0.994478 -0.732539 -1.879871
443.000000 -1.228826 -0.513248 -1.994934
444.000000 -0.628880 -0.741417 -1.909497
445.000000 -1.727780 -0.678595 -1.527955
446.000000 -1.471533 -0.242132 -1.493923
447.000000 -1.285472 -0.117682 -1.835015
448.000000 -1.058922 -0.106337 -1.882105
449.000000 -0.831646 -0.316775 -1.623780
450.000000 -0.408768 -0.759675 -1.922727
451.000000 -1.285472 -0.117682 -1.836804
452.000000 -1.252877 0.278942 -1.977863
453.000000 -1.430525 0.681249 -1.456223
454.000000 -1.837136 1.281589 -1.826662
455.000000 -2.290257 2.096841 -1.705290
456.000000 -2.575290 2.760678 -1.792160
457.000000 -1.837136 1.281589 -1.824702
458.000000 -2.478951 1.903899 -1.864946
459.000000 -1.285472 -0.117682 -1.515294
460.000000 -1.252877 -0.100800 -1.640097
461.000000 -1.044891 -0.121723 -1.798150
462.000000 -1.030734 0.032142 -1.999459
463.000000 -0.828542 0.003572 -1.620691
464.000000 -0.428853 -0.212289 -1.539318
465.000000 -0.190343 -0.651811 -1.705852
466.000000 -1.044891 -0.121723 -1.596085
467.000000 -0.836189 0.032795 -1.621688
468.000000 -0.420279 0.386474 -1.886285
469.000000 0.210401 0.954046 -1.979215
470.000000 0.686797 1.569140 -1.437055
471.000000 -0.420279 0.386474 -1.479995
472.000000 0.018484 0.582088 -1.401794
473.000000 0.302381 0.595230 -1.966439
474.000000 0.056847 0.581882 -1.990920
475.000000 0.478099 0.783316 -1.790780
476.000000 0.056847 0.581882 -1.961870
477.000000 0.304462 0.976859 -1.893493
478.000000 0.056847 0.581882 -1.547817
479.000000 0.302862 0.784798 -1.748079
480.000000 0.056847 0.581882 -1.700898
481.000000 0.672156 0.595455 -1.440382
482.000000 -0.836189 0.032795 -1.841162
483.000000 -0.808842 0.387983 -1.746686
484.000000 -0.988311 1.029327 -1.717452
485.000000 -1.011976 1.383820 -1.895049
486.000000 -1.235011 2.010186 -1.871030
487.000000 -1.272177 2.645511 -1.827834
488.000000 -1.235011 2.010186 -1.751192
489.000000 -1.467079 2.645396 -1.937816
490.000000 -1.235011 2.010186 -1.615324
491.000000 -1.272177 2.451919 -1.547030
492.000000 -1.235011 2.010186 -1.693784
493.000000 -1.272177 2.837356 -1.417889
494.000000 -1.011976 1.383820 -1.674812
495.000000 -1.235010 1.817683 -1.451762
496.000000 -1.658684 2.055674 -1.950761
497.000000 -1.924244 2.463536 -1.484998
498.000000 -1.658684 2.055674 -1.780531
499.000000 -2.308135 2.304556 -1.709146
500.000000 -1.011976 1.383820 -1.694010
501.000000 -1.040497 1.816552 -1.935876
502.000000 -0.863854 2.431335 0.257427
503.000000 -1.040497 1.816552 -1.833780
504.000000 -1.252435 2.432141 -1.608980
505.000000 -1.011976 1.383820 -1.625839
506.000000 -0.846921 1.629520 -1.659808
507.000000 -0.652538 1.657122 -1.735964
508.000000 -0.435079 1.640310 -1.594078
509.000000 -0.209967 1.792014 -1.512018
510.000000 0.213223 2.142941 0.249276
511.000000 -0.435079 1.640310 -1.732007
512.000000 -0.015480 1.407862 -1.503573
513.000000 0.426853 0.958498 -1.521871
514.000000 -0.435079 1.640310 -1.501405
515.000000 -0.209966 1.597328 -1.999400
516.000000 0.213221 1.737748 -1.736451
517.000000 -0.435079 1.640310 -1.484512
518.000000 -0.404076 1.409787 -1.796951
519.000000 -0.390517 1.338659 -1.739915
520.000000 -0.199909 1.459202 -1.903004
521.000000 0.196429 1.605222 -1.469432
522.000000 -0.390517 1.338659 -1.430380
523.000000 -0.588054 1.078239 -1.497042
524.000000 -0.812036 0.805857 -1.865970
525.000000 -0.861758 0.519606 -1.623272
526.000000 -0.707160 0.041581 -1.627418
527.000000 -0.711168 -0.265615 -1.984842
528.000000 -0.709759 -0.766528 -1.569518
529.000000 -0.707160 0.041581 -1.888600
530.000000 -0.326051 -0.266617 -1.688357
531.000000 -0.094035 -0.578686 -1.758566
532.000000 -0.326051 -0.266617 -1.600068
533.000000 0.099076 -0.768659 -1.484197
534.000000 -0.707160 0.041581 -1.993057
535.000000 -0.517012 -0.646554 -1.817387
536.000000 -0.812036 0.805857 -1.579853
537.000000 -1.249787 0.711304 -1.588736
538.000000 -1.905293 0.811400 -1.947405
539.000000 -2.603203 0.950293 -1.613761
540.000000 -1.249787 0.711304 -1.480202
541.000000 -1.715001 0.438556 -1.698435
542.000000 -2.394284 0.165123 -1.753259
543.000000 -1.249787 0.711304 -1.467085
544.000000 -1.905294 0.442827 -1.597207
545.000000 -2.603203 -0.021484 -1.638479
546.000000 -0.812036 0.805857 -1.484377
547.000000 -0.861758 0.712999 -1.732515
548.000000 -0.707160 0.442099 -1.949056
549.000000 -0.517012 0.170265 -1.873869
550.000000 -0.496132 0.078304 -1.409479
551.000000 -0.678201 -0.188548 -1.931036
552.000000 -0.897293 -0.269407 -1.549962
553.000000 -1.332028 -0.536770 -1.625018
554.000000 -1.410390 -0.963419 -1.705838
555.000000 -0.859220 -0.193628 -1.838397
556.000000 -1.333265 -0.154670 -1.581687
557.000000 -1.988091 0.172154 -1.873644
558.000000 -2.685721 0.354145 -1.631713
559.000000 -0.859220 -0.193628 -1.872162
560.000000 -1.333265 -0.342025 -1.664762
561.000000 -1.988091 -0.401065 -1.517461
562.000000 -2.875106 -0.455529 -1.972619
563.000000 -0.859220 -0.193628 -1.951553
564.000000 -0.942617 -0.547731 -1.818675
565.000000 -0.768606 -0.714261 -1.511960
566.000000 -0.942617 -0.547731 -1.692340
567.000000 -0.859220 -0.193628 -1.448203
568.000000 -1.138388 -0.544313 -1.903565
569.000000 -1.322346 -1.013192 0.449778
570.000000 -0.859220 -0.193628 -1.814263
571.000000 -1.140389 -0.148702 -1.962335
572.000000 -1.391664 0.196851 -1.990359
573.000000 -1.645698 0.586076 -1.604501
574.000000 -2.094520 1.002973 -1.977547
575.000000 -2.563761 1.235162 -1.658665
576.000000 -2.094520 1.002973 -1.647416
577.000000 -2.754582 1.242486 -1.868834
578.000000 -1.391664 0.196851 -1.470820
579.000000 -1.839496 0.394603 -1.543874
580.000000 -2.308639 0.406353 -1.570039
581.000000 -1.353389 0.271914 -1.639210
582.000000 -1.839496 0.584414 -1.483428
583.000000 -2.499162 0.812076 -1.521357
584.000000 -1.353389 0.271914 -1.706093
585.000000 -1.645698 0.776093 -1.890025
586.000000 -1.705960 1.400241 -1.599080
587.000000 -1.555741 2.238456 -1.905535
588.000000 -1.367581 3.293939 0.467822
589.000000 -1.645698 0.776093 -1.849122
590.000000 -1.900661 1.208822 -1.717700
591.000000 -2.156013 1.844463 -1.520987
592.000000 -2.606455 2.489606 -1.425913
593.000000 -1.900661 1.208822 -1.499229
594.000000 -1.961249 1.650150 -1.608714
595.000000 -1.811164 2.083167 -1.824051
596.000000 -1.623066 2.513142 -1.464584
597.000000 -1.961249 1.650150 -1.805254
598.000000 -1.811164 2.271594 -1.636051
599.000000 -1.900661 1.208822 -1.693443
600.000000 -2.349815 1.651766 -1.805443
601.000000 -1.645698 0.776093 -1.794322
602.000000 -2.094520 1.586810 -1.830842
603.000000 -2.563761 2.446475 -1.550901
604.000000 -1.353389 0.271914 -1.465621
605.000000 -1.645698 0.392467 -1.574283
606.000000 -1.900661 0.789881 -1.794801
607.000000 -2.156012 1.196920 -1.614620
608.000000 -2.427883 1.619763 -1.505634
609.000000 -2.156012 1.196920 -1.430548
610.000000 -2.606426 1.429997 -1.826803
611.000000 -1.900661 0.789881 -1.678259
612.000000 -1.961248 1.003465 -1.493401
613.000000 -2.198172 1.024329 -1.596805
614.000000 -2.636329 1.013094 -1.773593
615.000000 -1.885452 1.005920 -1.680737
616.000000 -2.003337 1.407750 -1.450371
617.000000 -1.831983 1.815719 -1.592276
618.000000 -1.443927 2.050229 -1.707297
619.000000 -0.824948 2.091809 0.172343
620.000000 -0.354200 2.377573 0.549036
621.000000 -1.443927 2.050229 -1.585276
622.000000 -0.824948 2.314666 0.209255
623.000000 -1.831983 1.815719 -1.955888
624.000000 -1.635655 2.045754 -1.691327
625.000000 -1.612135 2.296287 -1.420747
626.000000 -1.635655 2.045754 -1.947415
627.000000 -1.223713 2.298182 -1.873496
628.000000 -1.635655 2.045754 -1.415928
629.000000 -1.612135 2.073892 -1.775824
630.000000 -1.601323 1.871874 -1.511285
631.000000 -1.411989 1.816675 -1.943057
632.000000 -1.209512 1.948026 -1.631696
633.000000 -0.795426 2.105887 0.326637
634.000000 -0.356990 2.355046 0.069345
635.000000 -1.411989 1.816675 -1.461072
636.000000 -1.016989 1.565037 -1.848505
637.000000 -0.585914 1.304413 -1.599681
638.000000 -0.129490 0.835024 -1.972095
639.000000 0.335331 0.339543 -1.700516
640.000000 -1.016989 1.565037 -1.761121
641.000000 -0.780057 1.303964 -1.984159
642.000000 -0.730015 1.216715 -1.550871
643.000000 -0.711209 1.143644 -1.460592
644.000000 -0.714618 1.088079 -1.615448
645.000000 -0.725586 0.844718 -1.696836
646.000000 -0.739105 0.392037 -1.496923
647.000000 -0.558782 -0.098904 -1.892614
648.000000 -0.554605 -0.419953 -1.650544
649.000000 -0.346074 -0.585548 -1.735753
650.000000 -0.554605 -0.419953 -1.542336
651.000000 -0.534484 -0.616413 -1.918443
652.000000 -0.554605 -0.419953 -1.763472
653.000000 -0.727212 -0.620943 -1.632888
654.000000 -0.554605 -0.419953 -1.656443
655.000000 -0.558782 -0.098904 -1.641824
656.000000 -0.167957 -0.611927 -1.841169
657.000000 -0.739105 0.392037 -1.750249
658.000000 -0.947343 -0.096769 -1.430452
659.000000 -1.366799 -0.794019 -1.774919
660.000000 -0.725586 0.844718 -1.652858
661.000000 -0.932910 0.776226 -1.898439
662.000000 -1.161220 0.708575 -1.720022
663.000000 -1.408553 0.460355 -1.924180
664.000000 -1.662347 0.005034 -1.670736
665.000000 -1.723592 -0.487798 -1.578367
666.000000 -1.766957 -0.810326 -1.882139
667.000000 -1.985562 -0.932337 -1.527568
668.000000 -2.409435 -0.839051 -1.850284
669.000000 -1.723592 -0.487798 -1.963911
670.000000 -1.573320 -0.814510 -1.477293
671.000000 -1.543490 -1.340666 0.012602
672.000000 -1.723592 -0.487798 -1.715794
673.000000 -1.765633 -1.196358 0.072451
674.000000 -1.914261 -1.780605 0.304790
675.000000 -1.723592 -0.487798 -1.513521
676.000000 -1.766957 -1.004049 0.131141
677.000000 -1.778119 -1.729133 0.031772
678.000000 -1.723592 -0.487798 -1.710920
679.000000 -1.572607 -1.003497 0.351619
680.000000 -1.408553 0.460355 -1.971359
681.000000 -1.662348 0.195826 -1.904720
682.000000 -2.112137 -0.084146 -1.961223
683.000000 -2.388079 -0.565566 -1.609499
684.000000 -1.662348 0.195826 -1.425337
685.000000 -2.112138 -0.273283 -1.739141
686.000000 -2.773574 -0.580744 -1.788678
687.000000 -1.408553 0.460355 -1.975478
688.000000 -1.467537 0.007352 -1.564818
689.000000 -1.317754 -0.289506 -1.977921
690.000000 -0.939770 -0.782124 -1.951837
691.000000 -1.467537 0.007352 -1.455082
692.000000 -1.704544 -0.669714 -1.545458
693.000000 -1.734770 -1.404208 0.309673
694.000000 -1.161220 0.708575 -1.481569
695.000000 -1.601681 0.465579 -1.637121
696.000000 -1.874421 0.010493 -1.459787
697.000000 -2.365160 -0.654387 -1.572595
698.000000 -1.601681 0.465579 -1.634886
699.000000 -1.874422 0.200856 -1.406959
700.000000 -2.343391 -0.267702 -1.560397
701.000000 -1.601681 0.465579 -1.583253
702.000000 -2.259327 0.208324 -1.657955
703.000000 -2.765073 -0.262208 -1.473364
704.000000 -1.601681 0.465579 -1.622598
705.000000 -2.259327 0.026197 -1.485865
706.000000 -2.765073 -0.649327 -1.600901
707.000000 -1.123088 0.746365 -1.558244
708.000000 -1.213580 0.460927 -1.561450
709.000000 -1.448185 0.010196 -1.733211
710.000000 -1.487673 -0.673072 -1.668084
711.000000 -1.620167 -1.253363 0.013122
712.000000 -1.448185 0.010196 -1.562770
713.000000 -1.490436 -0.483395 -1.721475
714.000000 -1.721499 -0.804913 -1.530018
715.000000 -2.149431 -0.932303 -1.777256
716.000000 -2.421862 -0.828769 -1.999740
717.000000 -2.149431 -0.932303 -1.974591
718.000000 -2.615548 -1.212407 -1.757015
719.000000 -3.027720 -1.604073 4.535411
720.000000 -2.149431 -0.932303 -1.793225
721.000000 -2.802453 -0.846268 -1.537007
722.000000 -1.490436 -0.483395 -1.588129
723.000000 -1.710836 -1.002989 0.401360
724.000000 -1.845812 -1.772177 0.149767
725.000000 -1.448185 0.010196 -1.637525
726.000000 -1.685404 -0.482334 -1.616107
727.000000 -1.737630 -1.191025 0.340116
728.000000 -1.737668 -1.753954 0.330797
729.000000 -1.685404 -0.482334 -1.848890
730.000000 -1.740945 -0.998225 -1.679134
731.000000 -1.760910 -1.725373 0.400920
732.000000 -1.448185 0.010196 -1.977252
733.000000 -1.685404 -0.289232 -1.718879
734.000000 -2.129299 -0.591524 -1.866221
735.000000 -2.609637 -0.686555 -1.743804
736.000000 -1.448185 0.010196 -1.978239
737.000000 -1.877411 -0.289168 -1.896272
738.000000 -2.532913 -0.593299 -1.705703
739.000000 -1.123088 0.746365 -1.793084
740.000000 -1.213580 0.653565 -1.401803
741.000000 -1.448185 0.412192 -1.868025
742.000000 -1.685404 -0.040550 -1.616169
743.000000 -1.740945 -0.532258 -1.556714
744.000000 -1.976785 -1.046561 0.181974
745.000000 -2.018368 -1.572181 2.016040
746.000000 -2.203550 -1.935257 2.126672
747.000000 -2.226405 -2.204806 4.057448
748.000000 -2.226405 -2.204806 4.105870
749.000000 -2.226405 -2.204806 4.252648
750.000000 -2.226405 -2.204806 4.173500
751.000000 -2.226405 -2.204806 4.465932
752.000000 -2.226405 -2.204806 4.376808
753.000000 -2.203550 -1.935257 2.288255
754.000000 -2.018368 -1.572181 2.158230
755.000000 -2.203550 -1.935257 2.100787
756.000000 -2.303206 -2.535341 4.324632
757.000000 -2.203550 -1.935257 2.067730
758.000000 -2.018368 -1.572181 2.278238
759.000000 -2.203550 -1.935257 2.451939
760.000000 -2.092602 -2.160493 4.152663
761.000000 -2.203550 -1.935257 2.064198
762.000000 -2.018368 -1.572181 2.112196
763.000000 -2.203550 -1.935257 2.290989
764.000000 -2.018368 -1.572181 2.126854
765.000000 -2.181111 -2.142225 4.059585
766.000000 -2.018368 -1.572181 2.364748
767.000000 -2.207971 -2.316125 4.240766
768.000000 -1.740945 -0.532258 -1.910073
769.000000 -1.782281 -1.047167 0.036672
770.000000 -1.775863 -1.587427 0.452872
771.000000 -1.685404 -0.040550 -1.686737
772.000000 -2.130033 -0.528189 -1.466119
773.000000 -2.403249 -1.237192 2.450538
774.000000 -2.872669 -1.970805 2.394639
775.000000 -3.154673 -2.534816 24.397835
776.000000 -3.626968 -3.277658 24.305925
777.000000 -4.293848 -4.026003 24.521318
778.000000 -5.152575 -4.833821 28.047211
779.000000 -3.078516 -2.461092 4.408817
780.000000 -3.154673 -2.534816 24.526268
781.000000 -3.626968 -3.277658 24.286043
782.000000 -4.296650 -3.834507 28.372982
783.000000 -5.191032 -4.387282 28.189276
784.000000 -6.319193 -4.926381 28.136297
785.000000 -6.319193 -4.926381 28.184723
786.000000 -6.319193 -4.926381 28.397041
787.000000 -6.319193 -4.926381 28.085611
788.000000 -6.319193 -4.926381 28.390606
789.000000 -6.319193 -4.926381 28.374626
790.000000 -7.493840 -5.657933 28.197031
791.000000 -6.319193 -4.926381 28.569540
792.000000 -5.191032 -4.387282 28.320921
793.000000 -4.296650 -3.834507 28.477203
794.000000 -5.188676 -4.575770 28.558439
795.000000 -6.296350 -5.535772 28.465973
796.000000 -2.872669 -1.970805 2.453955
797.000000 -2.403249 -1.237192 2.115468
798.000000 -2.484769 -2.154375 4.546537
799.000000 -2.343807 -3.108528 4.597069
800.000000 -2.343807 -3.108528 4.151427
801.000000 -2.343807 -3.108528 4.481995
802.000000 -2.343807 -3.108528 4.153640
803.000000 -2.343807 -3.108528 4.385518
804.000000 -2.403249 -1.237192 2.156485
805.000000 -2.872669 -1.970805 2.478343
806.000000 -3.349593 -2.919808 24.130590
807.000000 -4.034624 -3.703544 24.597837
808.000000 -4.925757 -4.689499 28.556139
809.000000 -2.130033 -0.528189 -1.461886
810.000000 -2.804792 -0.846761 -1.732840
811.000000 -1.448185 0.412192 -1.798651
812.000000 -1.877411 -0.030184 -1.786651
813.000000 -2.530425 -0.689152 -1.969145
814.000000 -1.123088 0.746365 -1.512590
815.000000 -1.408553 0.654029 -1.673098
816.000000 -1.856013 0.415144 -1.557574
817.000000 -2.516513 -0.023150 -1.556672
818.000000 -0.932910 0.776226 -1.942982
819.000000 -1.352001 0.743322 -1.862126
820.000000 -1.811312 0.649492 -1.797473
821.000000 -2.488436 0.409689 -1.730361
822.000000 -0.932910 0.776226 -1.450286
823.000000 -1.352001 0.521058 -1.940472
824.000000 -1.811312 0.254449 -1.620537
825.000000 -2.488437 -0.210734 -1.613570
826.000000 -0.932910 0.849457 -1.833580
827.000000 -1.352001 0.963107 -1.758747
828.000000 -1.811312 1.229303 -1.465991
829.000000 -2.488437 1.419964 -1.888033
830.000000 -0.932910 0.849457 -1.692917
831.000000 -1.123088 0.514793 -1.828495
832.000000 -1.601681 0.250687 -1.640987
833.000000 -2.259327 -0.213095 -1.680752
834.000000 -3.148247 -0.516722 0.434792
835.000000 -1.123088 0.514793 -1.505680
836.000000 -1.408553 0.247493 -1.722691
837.000000 -1.856013 -0.222415 -1.719250
838.000000 -2.516514 -0.529856 -1.845302
839.000000 -1.123088 0.514793 -1.485209
840.000000 -1.213580 0.440789 -1.678882
841.000000 -1.448185 0.179284 -1.963361
842.000000 -1.877411 0.101581 -1.695674
843.000000 -2.530779 -0.157444 -1.617712
844.000000 -0.932910 0.849457 -1.977626
845.000000 -0.890279 0.974256 -1.566480
846.000000 -0.806600 1.240731 -1.556619
847.000000 -0.424131 1.430339 -1.658360
848.000000 -0.193103 1.438507 -1.994047
849.000000 -0.146968 1.418360 -1.546894
850.000000 0.063114 1.372390 -1.624018
851.000000 0.475321 1.321706 -1.959556
852.000000 0.063114 1.372390 -1.496016
853.000000 0.076097 1.322396 -1.951736
854.000000 0.349976 1.267674 -1.495519
855.000000 0.076097 1.322396 -1.886518
856.000000 0.080934 1.461594 -1.663239
857.000000 0.356569 1.426535 -1.897914
858.000000 0.080934 1.461594 -1.427864
859.000000 -0.122535 1.429392 -1.569541
860.000000 -0.541847 1.214012 -1.597062
861.000000 -0.808752 0.767509 -1.502548
862.000000 -1.081456 0.281464 -1.662275
863.000000 -1.537931 -0.037944 -1.676519
864.000000 -1.816118 -0.540915 -1.755614
865.000000 -2.092745 -1.046932 -1.610250
866.000000 -2.161858 -1.374695 2.223580
867.000000 -2.402416 -1.687375 2.211862
868.000000 -2.446326 -2.177073 4.487811
869.000000 -2.446326 -2.177073 4.453878
870.000000 -2.446326 -2.177073 4.296332
871.000000 -2.446326 -2.177073 4.507953
872.000000 -2.446326 -2.177073 4.094017
873.000000 -2.446326 -2.177073 4.227641
874.000000 -2.267337 -2.504600 4.202977
875.000000 -2.446326 -2.177073 4.153624
876.000000 -2.402416 -1.687375 2.301311
877.000000 -2.161858 -1.374695 2.318581
878.000000 -2.208015 -1.497942 2.449839
879.000000 -2.233284 -1.583825 2.494287
880.000000 -2.251618 -1.644210 2.287852
881.000000 -2.233284 -1.583825 2.064316
882.000000 -2.208015 -1.497942 2.082935
883.000000 -2.161858 -1.374695 2.386057
884.000000 -2.208015 -1.497942 2.364423
885.000000 -2.233284 -1.583825 2.486972
886.000000 -2.044693 -1.844820 2.168190
887.000000 -2.233284 -1.583825 2.489820
888.000000 -2.208015 -1.497942 2.395255
889.000000 -2.161858 -1.374695 2.211264
890.000000 -2.014163 -1.881457 2.598916
891.000000 -2.092745 -1.046932 -1.704653
892.000000 -2.356179 -1.759764 2.565196
893.000000 -2.807282 -2.683652 4.536989
894.000000 -3.445574 -3.846696 4.062583
895.000000 -1.537931 -0.037944 -1.847714
896.000000 -1.816118 -0.155367 -1.944247
897.000000 -1.899521 -0.056097 -1.604595
898.000000 -1.951150 -0.105243 -1.866645
899.000000 -2.173364 -0.144451 -1.886790
900.000000 -2.605437 -0.193497 -1.472940
901.000000 -1.899521 -0.056097 -1.859585
902.000000 -2.145389 0.277930 -1.895900
903.000000 -2.198622 0.848540 -1.436217
904.000000 -2.496907 1.274874 -1.725762
905.000000 -2.145389 0.277930 -1.532900
906.000000 -2.198571 0.659615 -1.976069
907.000000 -2.318400 1.069336 -1.990658
908.000000 -2.198571 0.659615 -1.491751
909.000000 -2.038129 1.255974 -1.563378
910.000000 -1.850054 1.880050 -1.622488
911.000000 -1.637285 2.721171 -1.706508
912.000000 -2.038129 1.255974 -1.611072
913.000000 -1.850055 1.687716 -1.430989
914.000000 -1.831722 1.934553 -1.606956
915.000000 -2.016488 2.345369 -1.803731
916.000000 -1.831722 1.934553 -1.426412
917.000000 -2.016488 1.969082 -1.528482
918.000000 -2.428601 2.146099 -1.984816
919.000000 -1.831722 1.934553 -1.831779
920.000000 -1.630190 2.144194 -1.618015
921.000000 -1.425656 2.557692 -1.882967
922.000000 -1.831722 1.934553 -1.880189
923.000000 -1.825056 2.145761 -1.930280
924.000000 -1.639545 2.210854 -1.957744
925.000000 -1.831722 1.934553 -1.594721
926.000000 -1.630191 2.344014 -1.493470
927.000000 -1.811691 1.687583 -1.516510
928.000000 -1.598954 1.930258 -1.997189
929.000000 -1.610458 2.144252 -1.412199
930.000000 -1.406117 2.556664 -1.458389
931.000000 -1.598954 1.930258 -1.413862
932.000000 -1.221863 1.955873 -1.474211
933.000000 -0.979559 1.750862 -1.725184
934.000000 -0.541680 1.306075 -1.541352
935.000000 -0.097088 0.815528 -1.530026
936.000000 0.363083 0.296670 -1.418141
937.000000 -0.541680 1.306075 -1.931046
938.000000 -0.097088 0.627940 -1.968856
939.000000 0.557406 -0.283420 -1.778696
940.000000 -1.146147 1.959532 -1.470384
941.000000 -0.785134 1.750752 -1.661300
942.000000 -0.134016 1.314467 -1.653375
943.000000 0.734106 1.022547 -1.484969
944.000000 -0.785134 1.750752 -1.956380
945.000000 -0.328092 1.690100 -1.536677
946.000000 0.135697 1.815514 -1.634352
947.000000 0.601745 2.160804 0.490488
948.000000 -0.328092 1.690100 -1.871198
949.000000 0.330209 1.429357 -1.650085
950.000000 -0.785134 1.750752 -1.764570
951.000000 -0.328092 1.308431 -1.848516
952.000000 0.135698 0.628106 -1.441229
953.000000 0.418993 -0.098771 -1.718313
954.000000 -0.785134 1.750752 -1.850044
955.000000 -0.134016 1.499579 -1.597049
956.000000 0.734106 1.411032 -1.493112
957.000000 -1.146147 1.959532 -1.864855
958.000000 -0.785134 1.938304 -1.492824
959.000000 -0.134016 2.086216 0.020976
960.000000 0.348037 2.460775 0.508362
961.000000 -0.785134 1.938304 -1.433353
962.000000 -0.522464 2.087384 0.580819
963.000000 -0.464264 2.057474 0.431771
964.000000 -0.249382 1.826528 -1.843810
965.000000 -0.233626 1.566315 -1.719428
966.000000 -0.226809 1.474295 -1.601856
967.000000 -0.235230 1.201038 -1.554241
968.000000 -0.054028 1.117023 -1.915049
969.000000 -0.050414 1.039848 -1.903302
970.000000 -0.239871 1.164200 -1.724483
971.000000 -0.652602 1.491497 -1.972468
972.000000 -1.298637 2.035513 -1.590217
973.000000 -1.798906 2.820546 -1.624759
974.000000 -0.239871 1.164200 -1.596425
975.000000 -0.462786 1.502604 -1.937191
976.000000 -0.708604 1.882310 -1.492872
977.000000 -0.962220 2.290590 -1.936828
978.000000 -0.708604 1.882310 -1.458811
979.000000 -1.155834 2.098322 -1.780444
980.000000 -1.431236 2.502633 -1.647544
981.000000 -1.155834 2.098322 -1.964147
982.000000 -1.625897 2.502881 -1.674524
983.000000 -1.155834 2.098322 -1.988589
984.000000 -1.625898 2.111786 -1.798442
985.000000 -2.115560 1.901428 -1.672376
986.000000 -2.805541 1.649537 -1.632161
987.000000 -1.625898 2.111786 -1.705078
988.000000 -1.920583 2.174252 -1.681140
989.000000 -2.203186 2.395627 -1.773912
990.000000 -1.920583 2.174252 -1.517276
991.000000 -2.397707 2.385537 -1.695474
992.000000 -1.920583 2.174252 -1.465964
993.000000 -2.397707 2.127506 -1.724644
994.000000 -1.844614 2.216058 -1.726791
995.000000 -2.010595 2.143232 -1.820929
996.000000 -1.873969 2.424567 -1.623428
997.000000 -2.010595 2.143232 -1.681566
998.000000 -2.260868 2.261692 -1.844964
999.000000 -1.844614 2.216058 -1.473695
1000.000000 -2.203186 2.139363 -1.757539
1001.000000 -2.668414 2.137126 -1.775990
1002.000000 -1.844614 2.216058 -1.400223
1003.000000 -2.010595 2.394773 -1.924676
1004.000000 -1.844614 2.216058 -1.501266
1005.000000 -2.010595 2.499721 -1.449038
1006.000000 -1.844614 2.216058 -1.752612
1007.000000 -2.203186 2.503976 -1.537889
1008.000000 -1.844614 2.216058 -1.992408
1009.000000 -2.397707 2.506097 -1.943519
1010.000000 -1.625898 2.111786 -1.921868
1011.000000 -2.308779 2.214481 -1.718738
1012.000000 -0.670366 1.920355 -1.966649
1013.000000 -0.767386 2.291834 -1.898720
1014.000000 -0.670366 1.920355 -1.600049
1015.000000 -0.962219 2.094147 -1.482255
1016.000000 -1.412268 2.110603 -1.889765
1017.000000 -2.074108 2.453930 -1.875009
1018.000000 -0.923944 2.093385 -1.986179
1019.000000 -1.023728 2.352654 -1.541669
1020.000000 -0.923944 2.093385 -1.701639
1021.000000 -1.218465 2.350609 -1.413364
1022.000000 -0.923944 2.093385 -1.828248
1023.000000 -1.023728 2.106364 -1.692263
1024.000000 -1.261977 2.194452 -1.839766
1025.000000 -1.693016 2.470092 -1.598807
1026.000000 -1.023728 2.106364 -1.951362
1027.000000 -1.029147 2.198938 -1.929463
1028.000000 -1.286577 2.479603 -1.481917
1029.000000 -0.923944 2.093385 -1.537426
1030.000000 -1.412267 2.351454 -1.725621
1031.000000 -0.923944 2.093385 -1.819962
1032.000000 -1.023728 2.106364 -1.903295
1033.000000 -1.067507 2.407442 -1.608780
1034.000000 -1.023728 2.106364 -1.427176
1035.000000 -1.261977 1.896477 -1.733221
1036.000000 -1.305912 1.636596 -1.703671
1037.000000 -1.343516 1.161107 -1.722219
1038.000000 -1.366161 0.849572 -1.669886
1039.000000 -1.577861 0.725927 -1.999928
1040.000000 -1.807926 0.440636 -1.574390
1041.000000 -1.861228 0.350595 -1.724938
1042.000000 -1.709420 0.265783 -1.797028
1043.000000 -1.330815 0.381962 -1.748920
1044.000000 -0.717784 0.699684 -1.488454
1045.000000 -0.251653 0.869407 -1.765531
1046.000000 0.418606 0.852515 -1.814510
1047.000000 -0.642933 0.769152 -1.821474
1048.000000 0.132275 0.867152 -1.718212
1049.000000 1.030238 1.043533 0.536384
1050.000000 -0.642933 0.769152 -1.670815
1051.000000 0.132276 1.233623 -1.478887
1052.000000 0.836417 1.626075 -1.662837
1053.000000 -0.642933 0.769152 -1.428063
1054.000000 -0.057804 0.867118 -1.435149
1055.000000 0.631101 1.042047 -1.724682
1056.000000 -0.642933 0.769152 -1.476543
1057.000000 0.132276 1.051989 -1.951538
1058.000000 1.220241 1.245572 0.443476
1059.000000 -1.709420 0.265783 -1.478649
1060.000000 -1.715902 0.005463 -1.442895
1061.000000 -1.678649 -0.002167 -1.613176
1062.000000 -1.921972 0.030100 -1.614470
1063.000000 -2.341491 0.349537 -1.733904
1064.000000 -1.715902 0.005463 -1.589805
1065.000000 -1.678650 -0.234627 -1.692640
1066.000000 -1.921972 -0.564172 -1.420064
1067.000000 -2.341491 -1.047175 -1.401506
1068.000000 -3.025616 -1.708525 4.365409
1069.000000 -1.715902 0.005463 -1.711893
1070.000000 -1.445793 -0.005040 -1.562068
1071.000000 -1.514126 -0.159145 -1.920310
1072.000000 -1.702401 -0.226632 -1.634767
1073.000000 -1.730840 -0.484998 -1.531363
1074.000000 -1.957529 -0.758754 -1.791634
1075.000000 -2.192814 -1.244728 2.562867
1076.000000 -2.636537 -1.939424 2.564572
1077.000000 -3.296154 -2.853890 24.240173
1078.000000 -3.996537 -3.822873 24.586012
1079.000000 -1.957529 -0.758754 -1.772953
1080.000000 -1.997907 -0.859606 -1.969946
1081.000000 -1.841270 -0.762096 -1.482378
1082.000000 -1.651969 -0.439906 -1.829393
1083.000000 -1.632889 0.115142 -1.460664
1084.000000 -1.430776 0.718742 -1.620517
1085.000000 -1.225709 1.543175 -1.489616
1086.000000 -1.006929 2.396199 -1.687863
1087.000000 -1.430776 0.718742 -1.547133
1088.000000 -1.420259 1.542562 -1.882755
1089.000000 -1.607584 2.391819 -1.863468
1090.000000 -1.420259 1.542562 -1.738757
1091.000000 -1.607584 2.576201 -1.592229
1092.000000 -1.430776 0.718742 -1.779985
1093.000000 -1.032565 1.348611 -1.986585
1094.000000 -0.410850 2.174288 -1.717235
1095.000000 0.253757 3.211009 0.212982
1096.000000 -1.430776 0.718742 -1.752793
1097.000000 -1.420259 1.351059 -1.476303
1098.000000 -1.607584 2.179532 -1.823684
1099.000000 -1.635754 2.839411 -1.536073
1100.000000 -1.607584 2.179532 -1.889332
1101.000000 -1.830085 3.031037 0.156579
1102.000000 -1.420259 1.351059 -1.643452
1103.000000 -1.415788 1.798726 -1.970061
1104.000000 -1.618986 2.422060 -1.836345
1105.000000 -1.415788 1.798726 -1.507606
1106.000000 -1.618986 2.045937 -1.430223
1107.000000 -2.037809 2.076221 -1.742284
1108.000000 -2.305738 2.297491 -1.927621
1109.000000 -1.618986 2.045937 -1.773653
1110.000000 -1.847339 2.282950 -1.995154
1111.000000 -1.618986 2.045937 -1.683095
1112.000000 -1.652731 2.281648 -1.448343
1113.000000 -1.882015 2.434536 -1.612754
1114.000000 -1.576466 2.312018 -1.432364
1115.000000 -1.618986 2.045937 -1.414155
1116.000000 -1.809222 2.060709 -1.434381
1117.000000 -2.096016 1.844458 -1.672206
1118.000000 -2.157311 1.579007 -1.422111
1119.000000 -2.439496 1.097023 -1.972878
1120.000000 -2.080927 1.617646 -1.993270
1121.000000 -2.008924 1.477850 -1.820791
1122.000000 -1.633002 1.381336 -1.720424
1123.000000 -1.212486 1.110085 -1.562186
1124.000000 -0.958285 1.017756 -1.430130
1125.000000 -0.906104 0.738815 -1.514344
1126.000000 -1.080159 0.272530 -1.968930
1127.000000 -1.105747 -0.238411 -1.510860
1128.000000 -1.332715 -0.957019 -1.964791
1129.000000 -1.080159 0.272530 -1.658420
1130.000000 -1.488506 -0.043746 -1.937511
1131.000000 -1.751468 -0.361501 -1.876882
1132.000000 -1.828433 -0.667951 -1.416632
1133.000000 -2.071494 -1.162015 -1.836955
1134.000000 -2.114046 -1.869626 2.209076
1135.000000 -1.488506 -0.043746 -1.655157
1136.000000 -1.751468 -0.168925 -1.945305
1137.000000 -2.216643 -0.074533 -1.946333
1138.000000 -2.506755 0.252692 -1.984891
1139.000000 -1.751468 -0.168925 -1.884049
1140.000000 -2.022157 -0.072699 -1.423407
1141.000000 -2.477343 -0.125443 -1.554642
1142.000000 -1.983819 0.002289 -1.621620
1143.000000 -2.088754 0.251042 -1.588835
1144.000000 -2.133561 0.808886 -1.910941
1145.000000 -2.159304 1.605185 -1.653107
1146.000000 -2.419121 2.448853 -1.523889
1147.000000 -2.133561 0.808886 -1.926161
1148.000000 -1.963811 1.598724 -1.808379
1149.000000 -1.577008 2.613214 -1.505486
1150.000000 -2.088754 0.251042 -1.917187
1151.000000 -2.133561 0.620139 -1.783834
1152.000000 -2.387022 1.209983 -1.946246
1153.000000 -2.133561 0.620139 -1.484275
1154.000000 -2.159278 1.018677 -1.510066
1155.000000 -2.417249 1.236879 -1.967281
1156.000000 -2.119555 1.056708 -1.583533
1157.000000 -2.183859 1.232833 -1.791799
1158.000000 -1.996016 1.430676 -1.401114
1159.000000 -1.991726 1.420712 -1.768310
1160.000000 -1.792548 1.191255 -1.768480
1161.000000 -1.586866 1.116099 -1.807574
1162.000000 -1.171899 1.033693 -1.938748
1163.000000 -0.927764 0.962735 -1.557540
1164.000000 -0.487269 0.893631 -1.911780
1165.000000 0.153085 0.826477 -1.872967
1166.000000 0.633038 0.760398 -1.779640
1167.000000 0.153085 0.826477 -1.526124
1168.000000 0.633038 0.953328 -1.553430
1169.000000 -0.487269 0.893631 -1.865350
1170.000000 0.153085 1.015757 -1.641892
1171.000000 1.018327 0.965284 0.000656
1172.000000 -1.171899 1.033693 -1.744396
1173.000000 -0.733372 0.769132 -1.955466
1174.000000 -0.273750 0.682152 -1.750841
1175.000000 -0.001216 0.786653 -1.692536
1176.000000 0.454230 0.730942 -1.998690
1177.000000 -0.001216 0.786653 -1.628788
1178.000000 0.452535 0.924330 -1.876607
1179.000000 -0.273750 0.682152 -1.578411
1180.000000 0.193158 0.597007 -1.796573
1181.000000 0.661846 0.524974 -1.786669
1182.000000 0.193158 0.597007 -1.485479
1183.000000 0.661846 0.331055 -1.841924
1184.000000 -0.273750 0.682152 -1.875420
1185.000000 -0.001216 0.597006 -1.432041
1186.000000 0.062631 0.337997 -1.622102
1187.000000 0.087375 -0.129840 -1.538614
1188.000000 -0.103904 -0.449470 -1.868703
1189.000000 0.087375 -0.129840 -1.492862
1190.000000 -0.105224 -0.815624 -1.525196
1191.000000 -0.001216 0.633931 -1.986734
1192.000000 0.452164 0.523338 -1.467732
1193.000000 -0.001216 0.633931 -1.850753
1194.000000 0.062631 0.710006 -1.628827
1195.000000 0.087375 0.656150 -1.715873
1196.000000 0.374365 0.794792 -1.749658
1197.000000 0.087375 0.656150 -1.706907
1198.000000 0.376055 0.601213 -1.767201
1199.000000 0.087375 0.656150 -1.708230
1200.000000 0.088171 0.409944 -1.454953
1201.000000 0.381317 -0.056477 -1.401747
1202.000000 0.062631 0.710006 -1.770545
1203.000000 0.341680 1.040261 -1.509519
1204.000000 0.062631 0.710006 -1.763015
1205.000000 0.087375 0.847719 -1.617472
1206.000000 0.088184 0.812494 -1.576242
1207.000000 0.092048 0.763526 -1.635497
1208.000000 0.400767 0.891040 -1.403185
1209.000000 0.092048 0.763526 -1.516686
1210.000000 -0.102246 0.890750 -1.800439
1211.000000 -0.317648 0.838603 -1.925835
1212.000000 -0.357132 0.592120 -1.749695
1213.000000 -0.384350 0.507098 -1.589054
1214.000000 -0.588771 0.418765 -1.588109
1215.000000 -0.807408 0.533057 -1.655091
1216.000000 -0.847992 0.477695 -1.971868
1217.000000 -1.070107 0.617380 -1.730762
1218.000000 -1.099611 0.955493 -1.718021
1219.000000 -1.123302 1.326734 -1.494295
1220.000000 -1.326493 1.532161 -1.626860
1221.000000 -1.349883 1.721098 -1.567365
1222.000000 -1.565818 1.706551 -1.925131
1223.000000 -1.788158 1.662896 -1.615089
1224.000000 -2.218275 1.601821 -1.970500
1225.000000 -2.493442 1.530931 -1.670437
1226.000000 -2.218275 1.601821 -1.678691
1227.000000 -2.864054 1.533563 -1.912270
1228.000000 -1.565818 1.706551 -1.466555
1229.000000 -1.593226 1.855346 -1.857457
1230.000000 -1.616046 1.811373 -1.463970
1231.000000 -1.818812 1.953164 -1.499210
1232.000000 -2.036742 1.905937 -1.459532
1233.000000 -2.275611 2.046240 -1.835914
1234.000000 -2.430512 1.999020 -1.653126
1235.000000 -2.275611 2.046240 -1.957957
1236.000000 -2.429308 2.193171 -1.848373
1237.000000 -2.275611 2.046240 -1.756974
1238.000000 -2.569172 2.385153 -1.751461
1239.000000 -2.275611 2.046240 -1.642677
1240.000000 -2.036742 1.905937 -1.805478
1241.000000 -2.076915 1.851864 -1.965547
1242.000000 -2.313552 1.785604 -1.695374
1243.000000 -2.474316 1.519824 -1.849055
1244.000000 -2.313552 1.785604 -1.952622
1245.000000 -2.482883 1.906230 -1.912060
1246.000000 -2.313552 1.785604 -1.623923
1247.000000 -2.076915 1.851864 -1.881921
1248.000000 -2.104202 1.592618 -1.884418
1249.000000 -2.330971 1.501408 -1.575540
1250.000000 -2.104202 1.592618 -1.498433
1251.000000 -2.114152 1.502008 -1.963547
1252.000000 -1.923797 1.217701 -1.639504
1253.000000 -1.520897 0.929808 -1.890938
1254.000000 -1.079260 0.626256 -1.537887
1255.000000 -0.417542 0.317739 -1.758840
1256.000000 0.271418 0.200636 -1.453275
1257.000000 0.788351 -0.089385 -1.856167
1258.000000 0.309776 0.276195 -1.862769
1259.000000 -1.079260 0.626256 -1.756579
1260.000000 -0.611390 0.511996 -1.413855
1261.000000 -0.328968 0.223655 -1.617377
1262.000000 -0.254696 -0.064780 -1.482938
1263.000000 -0.408687 -0.548613 -1.700170
1264.000000 -0.573056 0.587707 -1.683182
1265.000000 -0.096524 0.682150 -1.539485
1266.000000 0.150787 0.925634 -1.896698
1267.000000 0.317497 1.467233 -1.599321
1268.000000 0.150787 0.925634 -1.560238
1269.000000 0.616945 1.291111 -1.919010
1270.000000 0.150787 0.925634 -1.550753
1271.000000 0.617049 1.098034 -1.474229
1272.000000 0.150787 0.925634 -1.717495
1273.000000 0.451689 1.289988 -1.478122
1274.000000 0.150787 0.925634 -1.812317
1275.000000 0.616168 1.480546 -1.964206
1276.000000 -0.096524 0.682150 -1.622357
1277.000000 0.539239 0.737644 -1.689013
1278.000000 -0.573056 0.587707 -1.691748
1279.000000 0.135335 0.224061 -1.602046
1280.000000 0.944082 -0.251813 -1.842228
1281.000000 -1.520897 0.929808 -1.915117
1282.000000 -0.888540 0.627549 -1.522012
1283.000000 -0.404974 0.357716 -1.937276
1284.000000 0.358176 0.276594 -1.414179
1285.000000 -0.404974 0.357716 -1.406726
1286.000000 0.125346 -0.183627 -1.791708
1287.000000 0.764406 -0.895207 -1.499091
1288.000000 -0.888540 0.627549 -1.860188
1289.000000 0.053992 0.139966 -1.936363
1290.000000 1.158995 -0.549601 0.573557
1291.000000 -2.114152 1.502008 -1.474043
1292.000000 -2.334313 1.219901 -1.851031
1293.000000 -2.075831 1.578073 -1.569674
1294.000000 -2.336393 1.600513 -1.744066
1295.000000 -2.104202 1.592618 -1.771857
1296.000000 -1.844344 1.348350 -1.659322
1297.000000 -1.905797 1.200383 -1.799979
1298.000000 -2.082253 1.287331 -1.621509
1299.000000 -2.299463 1.599977 -1.752179
1300.000000 -2.411223 1.766577 -1.713941
1301.000000 -2.299463 1.599977 -1.689947
1302.000000 -1.905797 1.200383 -1.483827
1303.000000 -1.889996 0.909420 -1.969631
1304.000000 -2.079531 0.807487 -1.537368
1305.000000 -2.267313 0.517655 -1.649980
1306.000000 -1.889996 0.909420 -1.890552
1307.000000 -1.691185 0.614717 -1.964047
1308.000000 -1.439359 0.115229 -1.820123
1309.000000 -1.440614 -0.370051 -1.999893
1310.000000 -1.380570 -0.775658 -1.541528
1311.000000 -1.439359 0.115229 -1.527959
1312.000000 -1.207957 -0.371261 -1.899879
1313.000000 -0.814334 -1.143778 0.533805
1314.000000 -1.889996 0.909420 -1.702515
1315.000000 -1.886081 0.809036 -1.478181
1316.000000 -2.079940 0.975989 -1.571778
1317.000000 -2.024366 0.841461 -1.893266
1318.000000 -1.927895 0.972475 -1.443089
1319.000000 -1.918218 1.113651 -1.963236
1320.000000 -1.709564 1.269215 -1.821597
1321.000000 -1.687703 1.431444 -1.914654
1322.000000 -1.670105 1.787411 -1.766084
1323.000000 -1.666266 2.355685 -1.863601
1324.000000 -1.670105 1.787411 -1.789291
1325.000000 -1.859636 2.350019 -1.617934
1326.000000 -1.687703 1.431444 -1.706916
1327.000000 -1.475152 1.400582 -1.594045
1328.000000 -1.257364 1.351914 -1.796568
1329.000000 -0.830743 1.284761 -1.761908
1330.000000 -0.188879 1.025177 -1.427268
1331.000000 0.298702 0.553613 -1.402196
1332.000000 -1.257364 1.351914 -1.713614
1333.000000 -1.025020 1.091524 -1.486394
1334.000000 -0.787824 0.998207 -1.518732
1335.000000 -0.549005 0.709825 -1.850630
1336.000000 -0.309640 0.607689 -1.532146
1337.000000 -0.263988 0.699258 -1.679471
1338.000000 -0.238367 1.013664 -1.437665
1339.000000 -0.424612 1.369581 -1.413766
1340.000000 -0.827944 1.566020 -1.647129
1341.000000 -1.079336 1.744435 -1.826415
1342.000000 -1.143025 2.102241 -1.857401
1343.000000 -1.177800 2.663383 -1.586582
1344.000000 -1.079336 1.744435 -1.767469
1345.000000 -1.336656 2.105370 -1.906539
1346.000000 -1.583621 2.333448 -1.437321
1347.000000 -1.336656 2.105370 -1.817432
1348.000000 -1.389213 2.489775 -1.925870
1349.000000 -1.079336 1.744435 -1.864790
1350.000000 -1.531160 2.104424 -1.809902
1351.000000 -1.797542 2.669462 -1.785454
1352.000000 -1.531160 2.104424 -1.950503
1353.000000 -1.992438 2.668835 -1.430668
1354.000000 -1.079336 1.744435 -1.532512
1355.000000 -1.531161 1.721268 -1.441794
1356.000000 -1.797542 1.478124 -1.791667
1357.000000 -2.060255 1.196607 -1.527767
1358.000000 -2.114693 1.081642 -1.892505
1359.000000 -2.146250 0.976206 -1.963205
1360.000000 -1.962114 0.696077 -1.526651
1361.000000 -1.561104 0.221828 -1.405596
1362.000000 -1.313610 -0.480194 -1.800208
1363.000000 -1.251629 -1.037640 0.577597
1364.000000 -2.146250 0.976206 -1.482853
1365.000000 -2.393529 0.696906 -1.846948
1366.000000 -2.107556 1.014346 -1.988683
1367.000000 -1.962114 0.886785 -1.416346
1368.000000 -1.947154 0.611531 -1.515281
1369.000000 -1.930154 0.509164 -1.574529
1370.000000 -1.924910 0.602473 -1.993855
1371.000000 -1.728876 0.726285 -1.539806
1372.000000 -1.515559 0.873730 -1.867316
1373.000000 -1.477687 1.221566 -1.701603
1374.000000 -1.258591 1.397722 -1.956153
1375.000000 -1.037074 1.768801 -1.541434
1376.000000 -0.802042 2.146747 -1.487179
1377.000000 -0.562506 2.394226 -1.899406
1378.000000 -0.802042 2.146747 -1.988352
1379.000000 -0.562505 2.539835 -1.841403
1380.000000 -0.802042 2.146747 -1.574307
1381.000000 -0.562505 2.733633 -1.485844
1382.000000 -1.037074 1.768801 -1.957850
1383.000000 -0.996289 2.146787 -1.493563
1384.000000 -1.162118 2.724898 -1.605652
1385.000000 -0.996289 2.146787 -1.773189
1386.000000 -1.162118 2.538707 -1.551500
1387.000000 -0.996289 2.146787 -1.529202
1388.000000 -0.776136 2.393054 -1.725108
1389.000000 -0.996289 2.146787 -1.569467
1390.000000 -1.162118 2.392608 -1.808685
1391.000000 -0.996289 2.183752 -1.945510
1392.000000 -0.776136 2.731611 -1.892250
1393.000000 -0.996289 2.183752 -1.631052
1394.000000 -0.970943 2.731110 -1.614656
1395.000000 -1.037074 1.768801 -1.840104
1396.000000 -0.532069 2.406353 -1.593140
1397.000000 -1.258591 1.397722 -1.754260
1398.000000 -1.037074 1.383122 -1.546778
1399.000000 -0.763726 1.605125 -1.534551
1400.000000 -0.562505 1.865236 -1.547347
1401.000000 -0.515396 2.418311 -1.489249
1402.000000 -0.763726 1.605125 -1.685464
1403.000000 -0.367934 1.670939 -1.714210
1404.000000 -0.108175 2.017798 -1.955678
1405.000000 0.347343 2.193939 -1.931744
1406.000000 -0.367934 1.670939 -1.833405
1407.000000 0.086266 2.017358 -1.486303
1408.000000 0.365989 2.575578 -1.913229
1409.000000 -0.367934 1.670939 -1.783025
1410.000000 0.086266 1.631510 -1.639315
1411.000000 0.754447 1.577417 -1.686078
1412.000000 -0.367934 1.670939 -1.804040
1413.000000 0.278331 1.823586 -1.517147
1414.000000 -1.037074 1.383122 -1.468710
1415.000000 -0.996289 1.150783 -1.818725
1416.000000 -0.776136 0.867980 -1.530685
1417.000000 -0.554107 0.562599 -1.657725
1418.000000 -0.513009 0.440852 -1.928079
1419.000000 -0.487419 0.334795 -1.965565
1420.000000 -0.479136 0.440512 -1.517598
1421.000000 -0.670412 0.570437 -1.960726
1422.000000 -0.883841 0.720609 -1.731223
1423.000000 -0.921682 0.685315 -1.996106
1424.000000 -0.754784 0.451733 -1.679695
1425.000000 -0.361224 0.184813 -1.504545
1426.000000 -0.117522 0.084599 -1.653467
1427.000000 0.134456 -0.198921 -1.661933
1428.000000 0.573091 -0.485776 -1.573865
1429.000000 0.134456 -0.198921 -1.771300
1430.000000 0.381185 -0.488168 -1.978368
1431.000000 0.134456 -0.198921 -1.418966
1432.000000 0.184070 -0.676073 -1.917853
1433.000000 -0.117522 0.084599 -1.879155
1434.000000 0.329387 0.186197 -1.677598
1435.000000 -0.117522 0.084599 -1.587451
1436.000000 0.329387 -0.005225 -1.885113
1437.000000 -0.117522 0.084599 -1.468943
1438.000000 -0.058228 -0.194815 -1.800667
1439.000000 -0.028650 -0.674208 -1.715496
1440.000000 -0.117522 0.158876 -1.774577
1441.000000 -0.058243 -0.006243 -1.689984
1442.000000 -0.029019 -0.275357 -1.524406
1443.000000 0.177680 -0.581000 -1.859148
1444.000000 -0.058243 -0.006243 -1.716529
1445.000000 -0.219383 -0.081965 -1.581342
1446.000000 -0.423899 0.037762 -1.955962
1447.000000 -0.654376 0.180758 -1.642231
1448.000000 -0.698857 0.534975 -1.831611
1449.000000 -0.727675 1.104395 -1.923027
1450.000000 -0.544016 1.712073 -1.613961
1451.000000 -0.143960 2.344853 -1.868943
1452.000000 -0.698857 0.534975 -1.875962
1453.000000 -0.922166 1.105053 -1.482942
1454.000000 -1.146876 1.716241 -1.976456
1455.000000 -1.384435 2.353764 -1.599469
1456.000000 -0.698857 0.534975 -1.773651
1457.000000 -0.727675 0.720675 -1.761317
1458.000000 -0.738163 0.908382 -1.901837
1459.000000 -0.742558 1.278779 -1.639834
1460.000000 -0.744912 1.856456 -1.593045
1461.000000 -0.746583 2.277506 -1.474273
1462.000000 -0.744912 1.856456 -1.513283
1463.000000 -0.551918 2.277662 -1.524977
1464.000000 -0.742558 1.278779 -1.817445
1465.000000 -0.744912 1.664360 -1.779157
1466.000000 -0.940493 2.068299 -1.850898
1467.000000 -1.155931 2.669254 -1.845867
1468.000000 -0.744912 1.664360 -1.896549
1469.000000 -0.551918 2.067116 -1.862772
1470.000000 -0.340096 2.316281 -1.964097
1471.000000 -0.551918 2.067116 -1.529836
1472.000000 -0.340096 2.476084 -1.469605
1473.000000 -0.551918 2.067116 -1.579517
1474.000000 -0.534552 2.669605 -1.626192
1475.000000 -0.744912 1.664360 -1.600367
1476.000000 -0.551918 2.258839 -1.489513
1477.000000 -0.738163 0.908382 -1.950955
1478.000000 -0.742558 0.891065 -1.711197
1479.000000 -0.550279 0.850187 -1.492312
1480.000000 -0.533176 0.599317 -1.680645
1481.000000 -0.708351 0.323302 -1.741084
1482.000000 -1.106539 0.212055 -1.902447
1483.000000 -1.355034 -0.077991 -1.607391
1484.000000 -1.610077 -0.176325 -1.852180
1485.000000 -2.049204 -0.268871 -1.528146
1486.000000 -2.698536 -0.165122 -1.920789
1487.000000 -1.610077 -0.176325 -1.728113
1488.000000 -1.855002 -0.463021 -1.917760
1489.000000 -2.096548 -0.560673 -1.478098
1490.000000 -2.142307 -0.846072 -1.705537
1491.000000 -2.169090 -1.135855 -1.873095
1492.000000 -2.176373 -1.440049 2.179985
1493.000000 -2.371255 -1.556777 2.070947
1494.000000 -2.775017 -1.659043 2.075501
1495.000000 -2.775017 -1.659043 2.417841
1496.000000 -2.775017 -1.659043 2.198501
1497.000000 -2.775017 -1.659043 2.517751
1498.000000 -2.775017 -1.659043 2.054210
1499.000000 -2.775017 -1.659043 2.313544
1500.000000 -3.221743 -1.549711 4.175405
1501.000000 -2.775017 -1.659043 2.006316
1502.000000 -2.371255 -1.556777 2.272126
1503.000000 -2.176373 -1.440049 2.212805
1504.000000 -2.371256 -1.747933 2.477437
1505.000000 -2.389225 -1.865992 2.257838
1506.000000 -2.406034 -1.964973 2.270761
1507.000000 -2.389225 -1.865992 2.464203
1508.000000 -2.371256 -1.747933 2.468302
1509.000000 -2.176373 -1.440049 2.329648
1510.000000 -1.975386 -1.753855 4.193259
1511.000000 -2.176373 -1.440049 2.225588
1512.000000 -2.177087 -1.749151 2.253265
1513.000000 -1.940777 -1.893835 4.431132
1514.000000 -2.177087 -1.749151 2.379311
1515.000000 -2.176373 -1.440049 2.119010
1516.000000 -2.371256 -1.747933 2.503387
1517.000000 -2.774994 -2.243433 4.074169
1518.000000 -3.217896 -2.764649 24.123240
1519.000000 -3.486413 -3.499186 24.420403
1520.000000 -2.774994 -2.243433 4.049286
1521.000000 -3.217896 -2.952666 24.403561
1522.000000 -3.873242 -3.702748 24.016672
1523.000000 -4.310835 -4.351028 24.041910
1524.000000 -4.310835 -4.351028 24.329828
1525.000000 -4.310835 -4.351028 24.576334
1526.000000 -4.310835 -4.351028 24.055565
1527.000000 -4.310835 -4.351028 24.368025
1528.000000 -4.310835 -4.351028 24.089066
1529.000000 -3.217896 -2.952666 24.006491
1530.000000 -3.669095 -3.719244 24.051462
1531.000000 -2.371256 -1.711076 2.182997
1532.000000 -2.371256 -1.747933 2.165863
1533.000000 -2.371256 -1.747933 2.279645
1534.000000 -2.371256 -1.747933 2.541688
1535.000000 -2.371256 -1.747933 2.224797
1536.000000 -2.371256 -1.747933 2.431991
1537.000000 -2.583989 -1.866314 2.500719
1538.000000 -2.371256 -1.747933 2.517322
1539.000000 -2.176373 -1.440049 2.182764
1540.000000 -2.177087 -1.749151 2.164223
1541.000000 -2.127939 -1.897284 2.037730
1542.000000 -2.177087 -1.749151 2.443281
1543.000000 -2.176373 -1.440049 2.476919
1544.000000 -1.982412 -1.940351 4.031764
1545.000000 -2.176373 -1.440049 2.335731
1546.000000 -2.177087 -1.749151 2.427061
1547.000000 -2.127939 -1.897284 2.145759
1548.000000 -2.078965 -1.970356 2.145177
1549.000000 -2.127939 -1.897284 2.427239
1550.000000 -2.177087 -1.749151 2.215488
1551.000000 -2.369771 -1.867810 2.529835
1552.000000 -2.176373 -1.440049 2.342878
1553.000000 -1.979274 -1.559279 4.339765
1554.000000 -1.711722 -1.692947 4.595651
1555.000000 -1.979274 -1.559279 4.179694
1556.000000 -2.176373 -1.440049 2.165578
1557.000000 -2.172066 -1.945890 2.258504
1558.000000 -2.176373 -1.440049 2.122415
1559.000000 -2.177087 -1.749151 2.537201
1560.000000 -2.127939 -1.897284 2.320103
1561.000000 -2.122377 -2.129729 4.167671
1562.000000 -2.127939 -1.897284 2.072616
1563.000000 -2.177087 -1.749151 2.307544
1564.000000 -2.369771 -1.867810 2.542717
1565.000000 -2.176373 -1.440049 2.123760
1566.000000 -1.982412 -1.940351 4.264535
1567.000000 -2.169090 -1.135855 -1.618553
1568.000000 -1.982268 -1.439703 0.578564
1569.000000 -1.944182 -1.952185 0.204412
1570.000000 -1.906621 -1.401483 0.290548
1571.000000 -1.745280 -1.570123 0.050236
1572.000000 -1.906621 -1.401483 0.290569
1573.000000 -1.932452 -1.574297 0.070997
1574.000000 -1.889124 -1.620883 -1.880210
1575.000000 -1.932452 -1.574297 0.062702
1576.000000 -1.788747 -1.747783 -1.459734
1577.000000 -1.932452 -1.574297 0.295303
1578.000000 -1.906621 -1.401483 0.003900
1579.000000 -1.761241 -1.753776 0.429353
1580.000000 -1.906621 -1.401483 0.491687
1581.000000 -1.578692 -1.934528 0.227412
1582.000000 -2.169090 -1.135855 -1.616163
1583.000000 -2.370733 -1.173612 2.583440
1584.000000 -2.585789 -1.537046 2.350509
1585.000000 -2.622539 -2.020969 4.430243
1586.000000 -2.839777 -2.725101 4.466346
1587.000000 -2.622539 -2.020969 4.114841
1588.000000 -2.646221 -2.725435 4.408346
1589.000000 -2.585789 -1.537046 2.594973
1590.000000 -2.169090 -1.135855 -1.961573
1591.000000 -2.176373 -1.440049 2.298366
1592.000000 -2.371256 -1.747933 2.245337
1593.000000 -2.388941 -2.060050 4.380776
1594.000000 -2.353148 -2.409812 4.280659
1595.000000 -2.388941 -2.060050 4.504842
1596.000000 -2.176373 -1.440049 2.376966
1597.000000 -1.982412 -1.940351 4.153517
1598.000000 -2.176373 -1.440049 2.099779
1599.000000 -1.979274 -1.559279 4.357653
1600.000000 -1.868569 -1.523410 4.321885
1601.000000 -1.707919 -1.413647 2.153771
1602.000000 -1.868569 -1.523410 4.286873
1603.000000 -2.176373 -1.440049 2.332211
1604.000000 -2.371256 -1.747933 2.257299
1605.000000 -2.583988 -2.059295 4.177143
1606.000000 -2.814761 -2.370607 4.253057
1607.000000 -3.051658 -2.487663 4.022826
1608.000000 -2.583988 -2.059295 4.201293
1609.000000 -2.176373 -1.440049 2.141498
1610.000000 -2.177178 -1.554633 2.126158
1611.000000 -2.168489 -1.850722 2.142429
1612.000000 -1.907808 -1.992303 4.425134
1613.000000 -2.168489 -1.850722 2.567638
1614.000000 -2.278248 -2.385991 4.266166
1615.000000 -2.176373 -1.440049 2.266854
1616.000000 -2.371256 -1.747933 2.127596
1617.000000 -2.774995 -1.871464 2.047936
1618.000000 -3.408089 -1.978254 4.539556
1619.000000 -2.371256 -1.747933 2.468485
1620.000000 -2.169090 -1.135855 -1.615680
1621.000000 -2.370733 -1.246912 2.176817
1622.000000 -2.390947 -1.343746 2.405779
1623.000000 -2.215509 -1.613388 2.394815
1624.000000 -2.202182 -1.703524 2.231493
1625.000000 -2.376983 -1.605564 2.547316
1626.000000 -2.215509 -1.613388 2.024444
1627.000000 -1.996745 -1.710508 4.485337
1628.000000 -2.370733 -1.246912 2.447598
1629.000000 -2.390947 -1.343746 2.194378
1630.000000 -2.408681 -1.229621 2.400297
1631.000000 -2.218568 -1.284131 2.596713
1632.000000 -2.199783 -1.142655 2.222825
1633.000000 -2.408681 -1.229621 2.464389
1634.000000 -2.617233 -1.275735 2.408674
1635.000000 -2.370733 -1.246912 2.343687
1636.000000 -2.787063 -1.340001 2.077856
1637.000000 -2.169090 -1.135855 -1.695486
1638.000000 -2.176372 -1.245512 -1.985164
1639.000000 -2.177177 -1.148743 -1.425332
1640.000000 -2.369769 -1.206676 2.449366
1641.000000 -2.783025 -1.435814 2.173191
1642.000000 -3.180947 -1.798452 4.382072
1643.000000 -3.180947 -1.798452 4.434331
1644.000000 -3.180947 -1.798452 4.314797
1645.000000 -3.180947 -1.798452 4.526635
1646.000000 -3.180947 -1.798452 4.592878
1647.000000 -3.180947 -1.798452 4.031051
1648.000000 -2.369769 -1.206676 2.187085
1649.000000 -2.386967 -1.454938 2.359479
1650.000000 -2.403456 -1.920854 2.401367
1651.000000 -2.601299 -2.237675 4.546073
1652.000000 -2.403456 -1.920854 2.536081
1653.000000 -2.386967 -1.454938 2.061292
1654.000000 -2.403456 -1.920854 2.374952
1655.000000 -2.369769 -1.206676 2.273735
1656.000000 -2.581702 -1.452803 2.167027
1657.000000 -2.617176 -1.537482 2.486319
1658.000000 -2.834719 -1.815510 2.127344
1659.000000 -2.617176 -1.537482 2.239915
1660.000000 -2.581702 -1.452803 2.159172
1661.000000 -3.038062 -1.703443 4.034309
1662.000000 -2.369769 -1.206676 2.311380
1663.000000 -2.581702 -1.452803 2.411564
1664.000000 -2.617175 -1.918724 2.206924
1665.000000 -2.834719 -2.233505 4.452430
1666.000000 -2.617175 -1.918724 2.172189
1667.000000 -2.581702 -1.452803 2.118122
1668.000000 -2.812143 -1.919947 2.264831
1669.000000 -2.854061 -2.237929 4.313657
1670.000000 -2.369769 -1.206676 2.445986
1671.000000 -2.386967 -1.454938 2.027930
1672.000000 -2.597995 -1.730470 2.495540
1673.000000 -3.007656 -2.213380 4.259219
1674.000000 -2.597995 -1.730470 2.503440
1675.000000 -2.386967 -1.454938 2.162188
1676.000000 -2.210177 -1.728164 2.182672
1677.000000 -1.804038 -1.839375 4.249186
1678.000000 -2.369769 -1.206676 2.217584
1679.000000 -2.581702 -1.452803 2.051101
1680.000000 -2.617175 -1.918724 2.097762
1681.000000 -2.640199 -2.232863 4.442142
1682.000000 -2.617175 -1.918724 2.455700
1683.000000 -2.581702 -1.452803 2.048033
1684.000000 -2.617176 -1.537482 2.110307
1685.000000 -2.447633 -1.814802 2.474669
1686.000000 -2.369769 -1.206676 2.337069
1687.000000 -2.783025 -1.435814 2.162021
1688.000000 -3.180947 -1.798452 4.428327
1689.000000 -2.369769 -1.206676 2.354832
1690.000000 -2.581702 -1.452803 2.597554
1691.000000 -3.016913 -1.902595 4.376413
1692.000000 -3.715933 -2.173526 4.053704
1693.000000 -2.369769 -1.206676 2.133815
1694.000000 -2.386967 -1.454938 2.296894
1695.000000 -2.403456 -1.920854 2.442908
1696.000000 -2.397511 -2.438349 4.171756
1697.000000 -2.369769 -1.206676 -1.828460
1698.000000 -2.780256 -1.253670 -1.509197
1699.000000 -2.176372 -1.245512 -1.911944
1700.000000 -2.177178 -1.535086 2.105051
1701.000000 -2.137517 -1.556680 2.382493
1702.000000 -2.173724 -1.531018 2.191093
1703.000000 -2.173724 -1.531018 2.219106
1704.000000 -2.173724 -1.531018 2.372167
1705.000000 -2.173724 -1.531018 2.459804
1706.000000 -2.173724 -1.531018 2.232478
1707.000000 -2.173724 -1.531018 2.400376
1708.000000 -2.365284 -1.586985 2.429090
1709.000000 -2.767818 -1.451155 2.352773
1710.000000 -2.173724 -1.531018 2.550342
1711.000000 -2.177178 -1.535086 2.188771
1712.000000 -2.369769 -1.633939 2.323393
1713.000000 -2.581703 -1.919773 2.379746
1714.000000 -2.616649 -2.402649 4.027361
1715.000000 -2.444086 -2.915900 4.593754
1716.000000 -2.581703 -1.919773 2.257309
1717.000000 -2.177178 -1.535086 2.241769
1718.000000 -1.974355 -2.020545 4.210594
1719.000000 -2.177178 -1.535086 2.499831
1720.000000 -2.171941 -1.829833 2.184431
1721.000000 -2.073659 -2.005341 4.143655
1722.000000 -2.171941 -1.829833 2.244868
1723.000000 -1.939453 -2.158330 4.326782
1724.000000 -2.177178 -1.535086 2.133640
1725.000000 -1.974355 -2.020545 4.067915
1726.000000 -2.176372 -1.245512 -1.812557
1727.000000 -1.982659 -1.342568 0.403635
1728.000000 -1.962633 -1.228538 0.536805
1729.000000 -1.942217 -1.089694 -1.524058
1730.000000 -1.934082 -1.123683 -1.853450
1731.000000 -1.716829 -1.370112 -1.693890
1732.000000 -1.942217 -1.089694 -1.751031
1733.000000 -1.734350 -1.125503 -1.446645
1734.000000 -1.473381 -1.384168 -1.856761
1735.000000 -1.942217 -1.089694 -1.751981
1736.000000 -2.127516 -0.740216 -1.520223
1737.000000 -2.342412 -0.554004 -1.704485
1738.000000 -2.127516 -0.740216 -1.493220
1739.000000 -2.337368 -0.364318 -1.870423
1740.000000 -2.127516 -0.740216 -1.444540
1741.000000 -2.153587 -0.358120 -1.412855
1742.000000 -2.593699 -0.389648 -1.986405
1743.000000 -2.077546 -0.320234 -1.601732
1744.000000 -2.637946 -0.116057 -1.784786
1745.000000 -2.127516 -0.740216 -1.446141
1746.000000 -2.527765 -0.553437 -1.502793
1747.000000 -1.942217 -1.089694 -1.400466
1748.000000 -2.127517 -1.119128 -1.806677
1749.000000 -2.299198 -0.896587 -1.629948
1750.000000 -2.761218 -0.632623 -1.440626
1751.000000 -2.127517 -1.119128 -1.721210
1752.000000 -2.066355 -1.355484 2.100796
1753.000000 -2.353040 -1.628810 2.364581
1754.000000 -2.376005 -1.927162 2.545070
1755.000000 -2.376005 -1.927162 2.466027
1756.000000 -2.376005 -1.927162 2.307072
1757.000000 -2.376005 -1.927162 2.461577
1758.000000 -2.376005 -1.927162 2.315355
1759.000000 -2.376005 -1.927162 2.099324
1760.000000 -2.589255 -2.231053 4.473604
1761.000000 -2.376005 -1.927162 2.054091
1762.000000 -2.353040 -1.628810 2.077706
1763.000000 -2.142615 -1.357617 2.102184
1764.000000 -2.353040 -1.628810 2.142511
1765.000000 -2.762632 -1.923500 2.277973
1766.000000 -3.402439 -2.222208 4.110471
1767.000000 -2.762632 -1.923500 2.373124
1768.000000 -2.353040 -1.628810 2.420777
1769.000000 -2.142615 -1.357617 2.072806
1770.000000 -2.353039 -1.436905 2.108174
1771.000000 -2.376006 -1.328866 2.554792
1772.000000 -2.589392 -1.382741 2.231674
1773.000000 -2.376006 -1.328866 2.486045
1774.000000 -2.353039 -1.436905 2.476080
1775.000000 -2.142615 -1.357617 2.531923
1776.000000 -2.353039 -1.816000 2.458657
1777.000000 -2.363396 -2.334653 4.160389
1778.000000 -2.353039 -1.816000 2.031326
1779.000000 -2.142615 -1.357617 2.399333
1780.000000 -2.158500 -1.629991 2.586221
1781.000000 -2.341525 -2.125367 4.312588
1782.000000 -2.273727 -2.512748 4.535150
1783.000000 -2.341525 -2.125367 4.238572
1784.000000 -2.158500 -1.629991 2.410822
1785.000000 -2.142615 -1.357617 2.427842
1786.000000 -1.961052 -1.813945 2.434865
1787.000000 -2.127517 -1.119128 -1.460988
1788.000000 -2.142616 -0.973034 -1.581250
1789.000000 -2.356082 -0.819061 -1.783543
1790.000000 -2.127517 -1.119128 -1.592270
1791.000000 -2.527766 -1.342635 2.309731
1792.000000 -2.800670 -1.402807 2.237885
1793.000000 -2.527766 -1.342635 2.372607
1794.000000 -2.782109 -1.607903 2.266917
1795.000000 -2.836203 -2.088542 4.440930
1796.000000 -2.676367 -2.400832 4.169951
1797.000000 -2.836203 -2.088542 4.247303
1798.000000 -2.782109 -1.607903 2.443168
1799.000000 -3.117796 -1.645368 4.338995
1800.000000 -2.527766 -1.342635 2.046406
1801.000000 -3.161813 -1.415728 4.593520
1802.000000 -1.904017 -1.051729 -1.759062
1803.000000 -1.934082 -0.929739 -1.793943
1804.000000 -2.123898 -0.571583 -1.770211
1805.000000 -2.231158 -0.094434 -1.872906
1806.000000 -2.589703 0.323535 -1.652900
1807.000000 -2.123898 -0.571583 -1.671408
1808.000000 -2.164807 -0.373299 -1.846856
1809.000000 -2.208333 -0.251729 -1.842582
1810.000000 -2.166250 -0.317926 -1.800630
1811.000000 -2.123401 -0.416755 -1.609712
1812.000000 -2.390722 -0.432869 -1.792953
1813.000000 -2.123401 -0.416755 -1.852990
1814.000000 -1.920498 -0.474261 -1.557916
1815.000000 -1.873188 -0.334318 -1.752666
1816.000000 -1.621257 -0.175837 -1.642417
1817.000000 -1.359910 0.194852 -1.966791
1818.000000 -0.888252 0.777093 -1.643498
1819.000000 -0.200883 1.206436 -1.491313
1820.000000 0.332385 1.837631 -1.871280
1821.000000 -0.888252 0.777093 -1.978761
1822.000000 -0.392686 1.588071 -1.724695
1823.000000 -0.070291 2.445563 -1.535121
1824.000000 -0.888252 0.777093 -1.453358
1825.000000 -0.587073 1.400951 -1.759889
1826.000000 -0.089412 1.857293 -1.628693
1827.000000 0.415237 2.113133 -1.429521
1828.000000 -0.587073 1.400951 -1.813019
1829.000000 -0.284406 2.243763 -1.625289
1830.000000 -0.187118 3.113488 0.077380
1831.000000 -0.888252 0.777093 -1.919477
1832.000000 -0.587072 1.589756 -1.853541
1833.000000 -0.284405 2.638167 -1.820025
1834.000000 -1.621257 -0.175837 -1.918352
1835.000000 -1.359910 -0.191677 -1.730141
1836.000000 -1.082478 -0.221284 -1.762452
1837.000000 -0.605142 -0.075179 -1.759409
1838.000000 -0.107433 0.083537 -1.745602
1839.000000 0.410263 0.260111 -1.840239
1840.000000 -0.107433 0.083537 -1.767832
1841.000000 0.410263 0.066176 -1.914520
1842.000000 -0.107433 0.083537 -1.527426
1843.000000 0.218945 0.452000 -1.543612
1844.000000 -0.605142 -0.075179 -1.998169
1845.000000 -0.107433 0.274707 -1.784624
1846.000000 0.218957 0.849223 -1.697894
1847.000000 -0.605142 -0.075179 -1.530018
1848.000000 -0.301870 -0.107668 -1.431134
1849.000000 -0.190517 0.046986 -1.475045
1850.000000 -0.302056 0.021068 -1.904653
1851.000000 -0.263858 -0.207955 -1.915096
1852.000000 -0.230872 -0.280369 -1.607089
1853.000000 0.015716 -0.592080 -1.880906
1854.000000 -0.263858 -0.207955 -1.996978
1855.000000 -0.230912 -0.663172 -1.442626
1856.000000 -0.190517 0.119494 -1.486067
1857.000000 -0.112207 0.016006 -1.710714
1858.000000 -0.249611 -0.018261 -1.506170
1859.000000 -0.220573 -0.262905 -1.895865
1860.000000 0.000933 -0.717599 -1.920343
1861.000000 -0.249611 -0.018261 -1.468858
1862.000000 -0.605455 -0.250429 -1.538527
1863.000000 -1.191278 -0.514100 -1.560650
1864.000000 -1.586410 -1.212833 -1.869968
1865.000000 -1.718619 -1.822336 -1.768838
1866.000000 -1.586410 -1.212833 -1.601528
1867.000000 -1.920432 -2.014194 0.523294
1868.000000 -0.605455 -0.250429 -1.613261
1869.000000 -1.002167 -0.708960 -1.419783
1870.000000 -0.112207 0.016006 -1.879937
1871.000000 0.138374 0.171768 -1.653981
1872.000000 0.276817 0.525338 -1.714391
1873.000000 -0.112207 0.016006 -1.496473
1874.000000 -0.056671 0.172778 -1.451371
1875.000000 -0.202505 0.145250 -1.578018
1876.000000 -0.561801 0.299514 -1.767513
1877.000000 -0.767791 0.460894 -1.830035
1878.000000 -1.173839 0.637847 -1.484689
1879.000000 -1.780779 0.632493 -1.848299
1880.000000 -2.613580 0.610060 -1.567136
1881.000000 -0.561801 0.299514 -1.680676
1882.000000 -1.151132 0.639989 -1.438590
1883.000000 -1.787366 0.825587 -1.788516
1884.000000 -2.255634 1.206790 -1.786397
1885.000000 -2.714420 1.403088 -1.436553
1886.000000 -1.787366 0.825587 -1.850368
1887.000000 -2.450697 1.207733 -1.934179
1888.000000 -1.151132 0.639989 -1.987936
1889.000000 -1.976025 1.191218 -1.654840
1890.000000 -2.849860 1.789151 -1.439599
1891.000000 -0.202505 0.145250 -1.532136
1892.000000 -0.176495 -0.083780 -1.864369
1893.000000 0.042534 -0.526013 -1.989100
1894.000000 -0.176495 -0.083780 -1.736989
1895.000000 -0.344710 -0.346259 -1.599866
1896.000000 -0.176495 -0.083780 -1.619918
1897.000000 -0.150796 -0.150779 -1.794104
1898.000000 -0.112604 -0.028430 -1.906448
1899.000000 0.124334 0.122049 -1.607633
1900.000000 0.581125 0.481565 -1.625775
1901.000000 0.124334 0.122049 -1.761799
1902.000000 0.420510 0.488272 -1.814927
1903.000000 0.124334 0.122049 -1.604784
1904.000000 0.422354 0.102606 -1.856709
1905.000000 0.124334 0.122049 -1.857786
1906.000000 0.236381 0.488851 -1.568168
1907.000000 -0.112604 -0.028430 -1.658397
1908.000000 -0.070246 -0.069918 -1.552283
1909.000000 -0.220425 0.084593 -1.962765
1910.000000 -0.581093 0.429009 -1.643780
1911.000000 -1.170806 0.804647 -1.992457
1912.000000 -1.807060 1.394840 -1.470413
1913.000000 -2.662961 1.823708 -1.490536
1914.000000 -1.170806 0.804647 -1.803739
1915.000000 -1.613125 1.397528 -1.893519
1916.000000 -1.868927 2.202732 -1.428311
1917.000000 -2.290606 2.858444 -1.755734
1918.000000 -1.793429 2.273405 -1.801322
1919.000000 -2.290606 3.239506 0.437589
1920.000000 -1.170806 0.804647 -1.740552
1921.000000 -1.613126 1.204546 -1.596331
1922.000000 -2.024284 1.883315 -1.490838
1923.000000 -2.502246 2.624202 -1.562140
1924.000000 -1.170806 0.804647 -1.956945
1925.000000 -1.995751 1.203382 -1.740338
1926.000000 -3.058000 1.863811 0.364116
1927.000000 -0.581093 0.429009 -1.857128
1928.000000 -0.981517 0.618318 -1.970724
1929.000000 -1.599620 1.002504 -1.558174
1930.000000 -2.436860 1.429005 -1.854223
1931.000000 -0.981517 0.618318 -1.596108
1932.000000 -1.211785 0.619031 -1.437739
1933.000000 -1.393369 0.628184 -1.778374
1934.000000 -1.829554 0.732285 -1.432405
1935.000000 -2.241836 0.885264 -1.811194
1936.000000 -2.671093 1.248541 -1.403249
1937.000000 -1.393369 0.628184 -1.959251
1938.000000 -1.635249 0.539002 -1.740935
1939.000000 -1.638764 0.672046 -1.502279
1940.000000 -1.816306 0.629539 -1.679729
1941.000000 -1.993577 0.777334 -1.501393
1942.000000 -2.183813 0.738912 -1.935773
1943.000000 -2.412162 0.694821 -1.577486
1944.000000 -2.183813 0.738912 -1.468084
1945.000000 -2.196072 0.888068 -1.788411
1946.000000 -2.258780 0.848963 -1.816038
1947.000000 -2.257619 0.997379 -1.564867
1948.000000 -2.160438 1.147066 -1.670175
1949.000000 -1.827821 1.496520 -1.874725
1950.000000 -1.271924 1.678899 -1.651664
1951.000000 -0.668566 2.056528 -1.534897
1952.000000 -0.036117 2.443529 -1.978183
1953.000000 -0.668566 2.056528 -1.853906
1954.000000 -0.036117 2.274731 -1.905048
1955.000000 0.605951 2.415988 -1.959129
1956.000000 -0.668566 2.056528 -1.690665
1957.000000 0.157612 2.441401 -1.639549
1958.000000 -1.271924 1.678899 -1.932754
1959.000000 -0.478528 2.053151 -1.458782
1960.000000 0.169128 2.267565 -1.895389
1961.000000 -0.403721 2.124824 -1.567848
1962.000000 0.362943 2.623344 -1.606905
1963.000000 -1.827821 1.496520 -1.812196
1964.000000 -1.655996 1.871950 -1.439039
1965.000000 -1.668117 2.079631 -1.662180
1966.000000 -1.710420 2.481775 -1.427957
1967.000000 -1.668117 2.079631 -1.755016
1968.000000 -1.900500 2.323739 -1.830115
1969.000000 -1.668117 2.079631 -1.551220
1970.000000 -1.515943 2.319845 -1.557008
1971.000000 -1.668117 2.079631 -1.932369
1972.000000 -1.900500 2.476062 -1.724333
1973.000000 -1.668117 2.079631 -1.724487
1974.000000 -1.515942 2.077568 -1.973731
1975.000000 -1.172789 2.324552 -1.552072
1976.000000 -1.515942 2.077568 -1.776979
1977.000000 -1.366238 2.324563 -1.570808
1978.000000 -1.515942 2.077568 -1.868523
1979.000000 -1.366238 1.852884 -1.900037
1980.000000 -1.010488 1.584021 -1.998187
1981.000000 -0.632282 1.482438 -1.942511
1982.000000 -0.039299 1.577999 -1.553919
1983.000000 0.384880 1.898972 -1.812000
1984.000000 -0.039299 1.577999 -1.427757
1985.000000 0.579111 1.897208 -1.902475
1986.000000 -0.632282 1.482438 -1.863087
1987.000000 -0.039299 1.197843 -1.621537
1988.000000 0.384875 0.720571 -1.661963
1989.000000 -0.632282 1.482438 -1.589801
1990.000000 -0.427740 1.580793 -1.441504
1991.000000 -0.236199 1.904034 -1.414995
1992.000000 -0.254424 2.080549 -1.795532
1993.000000 -0.104004 2.068597 -1.851408
