0.000000 0.000000 0.000000
1.000000 -0.038292 0.962128
2.000000 -0.038292 0.768568
3.000000 0.156388 0.747670
4.000000 -0.038292 0.962128
5.000000 -0.232181 0.773255
6.000000 -0.637011 0.752113
7.000000 -0.038292 0.962128
8.000000 -0.232181 1.153885
9.000000 -0.446165 1.171896
10.000000 -0.038292 0.962128
11.000000 0.156388 0.961854
12.000000 0.175211 0.962746
13.000000 -0.038292 0.962128
14.000000 0.156388 0.961854
15.000000 0.175211 0.770722
16.000000 -0.038292 0.962128
17.000000 -0.232181 0.773255
18.000000 -0.637011 0.565928
19.000000 -0.038292 0.962128
20.000000 0.156388 0.770372
21.000000 0.175211 0.370857
22.000000 0.001531 -0.248786
23.000000 -0.011012 -0.636284
24.000000 -0.026918 -0.255547
25.000000 0.162892 0.096903
26.000000 0.375048 0.236468
27.000000 0.801942 0.163121
28.000000 1.445951 0.240699
29.000000 1.458025 0.310204
30.000000 1.111152 0.199779
31.000000 0.652983 -0.115876
32.000000 0.392507 -0.281027
33.000000 -0.055156 -0.448274
34.000000 -0.699125 -0.605436
35.000000 -1.183368 -0.652650
36.000000 -1.477853 -0.626252
37.000000 -1.551201 -0.444848
38.000000 -1.776535 -0.269062
39.000000 -2.186926 0.105581
40.000000 -2.627894 0.692922
41.000000 -2.895881 1.127682
42.000000 -2.959951 1.571113
43.000000 -2.797655 2.004661
44.000000 -2.785333 2.627951
45.000000 -2.569837 3.459817
46.000000 -2.345301 4.328381
47.000000 -2.299108 4.389449
48.000000 -2.458758 3.628907
49.000000 -2.345301 4.328381
50.000000 -2.299108 4.278094
51.000000 -2.458759 3.604210
52.000000 -2.345301 4.328381
53.000000 -2.399532 4.389046
54.000000 -2.737803 3.856580
55.000000 -2.345301 4.328381
56.000000 -2.464776 4.521974
57.000000 -2.787104 4.011324
58.000000 -2.345301 4.328381
59.000000 -2.399532 4.389046
60.000000 -2.737803 3.856580
61.000000 -2.345301 4.328381
62.000000 -2.399532 4.276321
63.000000 -2.571587 3.740822
64.000000 -2.345301 4.328381
65.000000 -2.399532 4.276321
66.000000 -2.571587 3.740822
67.000000 -2.534331 3.479719
68.000000 -2.285759 3.441871
69.000000 -2.446289 3.627487
70.000000 -2.690815 4.054336
71.000000 -2.926862 4.530688
72.000000 -2.977740 4.514354
73.000000 -3.013233 4.289400
74.000000 -3.224834 4.133994
75.000000 -3.255443 3.997715
76.000000 -3.090518 4.058084
77.000000 -3.087755 4.140665
78.000000 -2.885723 4.049181
79.000000 -2.675853 3.755289
80.000000 -2.256225 3.239111
81.000000 -2.570282 2.501839
82.000000 -2.730268 1.714930
83.000000 -3.058102 0.900913
84.000000 -3.396960 0.268945
85.000000 -3.944992 -0.346955
86.000000 -4.324150 -1.139542
87.000000 -4.899007 -1.751021
88.000000 -5.286558 -2.168319
89.000000 -5.864432 -2.745121
