-2.532300 -0.704553 2.730192
-2.728607 -1.042753 19.563488
-3.595962 -4.043663 4.161486
-4.989685 -4.784594 4.113219
-5.483454 -5.227683 26.991390
-5.185107 -4.897740 2.034767
-5.484294 -5.108440 17.732456
-7.481840 -6.002922 52.034340
-3.087590 -3.948368 18.007542
-2.802951 -1.154154 1.255072
-3.338802 -1.852483 21.242495
-2.632773 -0.628203 3.198749
-2.864559 -0.846308 11.991507
-3.265497 1.124438 26.876886
-0.447438 -1.109638 10.227314
0.769671 -0.380384 11.368548
-0.400129 -1.331054 21.729946
0.234056 -0.777039 12.627733
-0.709707 -1.094567 9.142217
-2.885129 -3.296585 19.655153
-3.855010 -4.397851 10.030216
-4.585460 -4.911750 26.256662
-3.662364 -2.287452 34.978439
-2.984124 2.193008 20.540062
-2.899921 -3.372224 18.646482
-5.102128 -5.143017 42.815903
-4.343815 -4.770655 22.329582
-3.670733 -2.069804 2.249644
-3.410975 -1.968600 0.218553
-3.618361 -2.180729 1.247965
-3.878729 -2.436268 1.966504
-3.595040 -1.958178 2.554025
-3.207904 -3.640707 3.133353
-4.026634 -4.195982 9.380113
-3.549062 -3.884531 10.174417
-5.196406 -4.945649 5.810083
-4.112028 -4.366885 4.707410
-5.393090 -5.168406 14.707088
-6.725109 -3.984893 10.452072
-10.161077 -6.010896 11.206095
-9.132518 -6.132035 12.695415
-7.411445 -6.008464 10.458511
-7.749549 -6.060055 12.340746
-6.530550 -4.005639 5.385630
-6.294129 -3.874908 12.768701
-5.595654 -3.366513 10.902836
-6.364027 -3.938750 20.187683
-5.734633 -5.310025 15.535367
-5.444832 -5.119566 5.117293
-4.242207 -4.519426 7.907383
-6.362304 -3.753476 13.547085
-4.594440 -4.743071 9.486177
-5.416828 -3.588501 0.158387
-5.497599 -3.560319 2.388060
-6.180823 -3.987184 7.923891
-5.921678 -3.761787 9.473944
-4.849658 -4.841734 7.053532
-4.648936 -4.717678 6.023505
-4.255790 -4.366304 10.525506
-4.921687 -4.846725 3.460640
-5.387150 -5.002960 3.364226
-5.173819 -4.932807 3.192667
-5.032731 -4.779208 0.010948
-5.504282 -5.065065 1.914764
-5.290117 -5.073891 3.518887
-4.367004 -4.578283 5.669051
-6.832076 -4.049865 27.856667
-5.270895 -5.071515 4.047657
-4.867571 -3.125177 8.037429
-5.455406 -3.550557 1.870954
-5.823946 -3.678192 8.115978
-5.223424 -5.093062 11.206241
-5.270954 -3.409034 10.712864
-5.582871 -5.379495 13.663317
-5.527337 -3.486196 8.701818
-6.027075 -3.577783 11.786156
-5.937775 -3.651128 7.231369
-6.916986 -5.714787 17.068481
-6.498895 -5.618493 28.755436
-6.318148 -4.039191 12.385576
-5.861864 -5.163148 0.168095
-6.038558 -5.361977 3.927844
-5.806605 -5.313917 4.651415
-12.043326 -4.031306 12.877630
-12.157553 -4.068669 23.591423
-9.839002 -5.780143 3.129069
-10.098367 -5.895811 1.015754
-10.241224 -6.011430 4.833072
-10.333830 -6.048254 13.521596
-9.376536 -6.045950 16.904871
-9.934760 -6.020514 11.321684
-10.670061 -5.801834 25.023319
-7.422314 -5.925969 10.740757
-8.292540 -6.134464 15.307949
-9.880118 -4.575023 15.095215
-8.815952 -4.623208 1.820845
-8.138669 -4.400156 7.752204
-9.556589 -6.037616 25.354118
-8.242567 -5.953715 10.176805
-4.722575 -4.825440 8.004354
-5.921800 -3.789715 6.360731
-4.146628 -4.393195 7.614274
-5.007435 -4.996388 14.500261
-7.413700 -5.959893 5.741803
-9.472404 -5.954388 14.618998
-6.627391 -4.113690 5.219270
-5.911584 -3.787244 4.898653
-4.996713 -4.878901 3.904849
-4.425479 -4.478857 1.762861
-4.367405 -4.466307 9.250703
-8.498020 -6.144448 10.685242
-7.623156 -4.372285 2.592219
-8.552299 -4.627710 0.601997
-10.937895 -6.103429 49.378284
-8.193175 -6.062852 12.356764
-9.474313 -4.711312 17.098454
-7.173865 -4.316830 2.447317
-6.894555 -4.119682 4.370598
-6.955746 -4.272256 0.257429
-6.843715 -4.066959 5.231634
-9.522900 -6.055486 39.889851
-5.036418 -4.945021 4.572979
-5.036519 -4.834315 4.389689
-5.012379 -4.832073 1.720507
-5.243867 -4.962977 8.219357
-6.439188 -3.871355 7.287424
-6.763027 -4.086401 8.128758
-5.200306 -5.172565 12.827460
-9.457939 -5.866164 8.901241
-9.849355 -5.953345 5.253308
-10.963702 -5.796268 8.931107
-10.065279 -5.953961 5.485546
-11.503355 -4.311058 14.290960
-10.800177 -4.280430 9.882032
-10.575701 -6.058569 13.210255
-9.755936 -4.543318 4.592328
-12.599565 -3.930276 10.713506
-11.797207 -4.181133 23.059542
-10.532288 -5.936825 7.111857
-11.270859 -4.228055 3.965616
-12.078558 -5.686141 6.199611
-10.594438 -5.882782 4.368063
-10.492038 -5.867010 0.576687
-10.491079 -5.901209 1.345493
-10.791489 -5.784159 1.114181
-10.237986 -5.932495 6.799061
-11.340295 -5.669189 2.155760
-10.461036 -5.885603 4.185976
-10.475857 -5.958755 12.294405
-11.689557 -4.127254 6.825886
-10.451694 -5.907621 4.545846
-10.172065 -6.117478 17.429893
-10.875061 -4.455908 1.375136
-11.526322 -5.664454 3.251122
-11.311107 -5.842409 6.957874
-9.418936 -4.587933 8.205210
-10.241022 -5.979473 2.272021
-9.810417 -5.926305 0.452056
-11.494488 -5.938210 14.178432
-11.318108 -5.751488 9.136946
-12.461051 -5.423752 10.544271
-13.186008 -3.520742 31.159916
-11.119946 -4.286109 5.946129
-16.225359 -2.757991 31.217329
-12.436896 -3.746687 6.511625
-15.764659 -3.451065 36.193230
-16.032009 -2.837655 23.530876
-12.306097 -5.534482 4.483815
-12.978861 -5.268869 20.829103
-13.220795 -5.104139 6.522447
-13.150002 -5.088837 4.758696
-12.460715 -3.539711 13.923197
-14.575959 -4.448112 7.123863
-15.006346 -1.986103 18.258156
-16.024799 -2.740672 6.511519
-16.328001 -2.529083 5.108603
-16.436857 -2.490419 6.498183
-16.197687 -2.531198 7.082424
-15.879044 -3.206758 10.571878
-15.400804 -3.745840 8.680175
-14.709729 -4.031600 0.291826
-14.898525 -3.928914 1.053767
-14.832279 -4.050697 1.809803
-14.411918 -4.296406 5.239697
-15.956042 -3.083019 8.387720
-15.986530 -3.140927 10.394896
-18.002033 0.852032 4.808190
-17.854481 0.323082 3.461631
-17.747829 0.151003 2.191289
-17.835405 0.665002 2.809896
-17.725620 0.371634 0.281731
-17.922527 0.578617 3.676638
-18.023754 1.083419 10.585545
-17.903145 0.702288 5.503599
-18.227612 1.031204 24.164951
-16.388685 0.159212 8.175159
-16.649771 4.188562 4.002476
-17.991739 5.221763 2.027650
-17.679558 5.652414 0.342484
-17.991106 5.333396 2.102275
-17.810234 5.370716 0.122339
-17.932032 4.989938 6.406404
-17.887430 5.190642 1.063866
-17.897060 5.650670 3.672462
-17.946651 5.631855 5.553187
-17.005096 7.466080 10.821561
-14.648090 8.555779 13.052623
-15.959414 6.624746 0.488759
-16.787815 4.272802 0.532652
-16.739574 4.009364 4.690321
-16.831722 1.683734 27.307121
-16.591927 4.573911 11.206676
-18.232119 4.540684 6.306879
-16.738054 2.644327 19.869970
-16.590252 4.357988 5.853784
-16.543829 4.846241 9.530294
-17.406269 6.774701 10.345494
-18.237703 2.096407 13.059341
-16.581806 4.581561 15.199337
-18.065020 4.707264 1.504089
-18.044889 4.962607 6.521907
-17.970583 5.332479 4.515647
-16.528559 4.103094 17.696547
-16.562916 5.189416 6.816574
-17.534782 6.052229 5.680155
-17.613543 5.956415 2.099859
-17.880123 5.400672 0.266250
-18.005123 5.063557 1.283788
-17.961531 5.163132 1.160334
-17.930233 4.828696 1.560673
-17.945412 5.166548 0.641933
-18.300198 4.260946 4.160880
-18.320816 4.069393 4.391160
-17.900457 5.038842 3.660659
-18.345926 4.888443 9.712871
-16.604950 4.944958 3.128145
-16.604650 4.463818 1.839140
-16.818258 2.233174 5.619718
-18.399527 4.324744 7.668466
-17.876127 6.027688 11.360410
-16.516899 4.723686 1.436893
-18.454691 3.853859 5.504578
-18.073160 1.714860 3.687864
-17.681068 0.194314 14.500308
-18.191412 2.478537 0.619947
-16.732056 2.843534 9.601521
-18.182405 4.440226 5.223649
-18.542528 3.623092 9.803279
-18.454428 3.637876 6.772009
-18.108301 4.459441 2.041379
-18.477295 4.484196 11.447548
-16.335152 5.824338 0.106592
-16.113409 6.431731 5.334993
-16.241131 8.994186 18.146616
-16.965479 7.880466 8.199923
-17.041931 7.433558 1.219053
-16.994438 7.622518 0.917826
-16.643351 8.126836 5.697563
-16.624706 8.234960 3.228591
-12.295264 9.897581 34.220062
-14.505679 10.252711 8.405448
-13.038297 11.189574 25.352991
-13.688451 8.904033 18.878231
-14.983953 9.855344 12.616143
-16.505919 8.270940 5.654792
-16.937469 7.742993 18.324354
-15.703404 6.687350 11.187650
-15.152162 7.536865 3.033110
-15.144604 6.974855 14.524921
-16.617916 8.126291 2.068750
-16.872578 7.805720 7.795305
-16.358633 8.375847 0.772827
-14.418677 8.756853 3.927621
-14.518994 8.568857 0.562180
-14.670145 8.272386 0.923183
-14.608884 8.372624 1.436847
-14.133133 8.923862 17.203629
-15.065690 7.675314 2.985153
-14.921199 7.968901 2.309438
-14.861555 7.710198 6.083018
-14.263050 8.657412 2.829575
-15.028281 10.021982 5.978670
-11.784522 11.694881 29.250225
-13.067309 9.599185 2.916401
-12.865459 9.594729 3.595590
-13.101657 11.275592 5.128432
-9.575374 10.696858 49.354023
-12.659214 9.719941 6.564474
-11.400614 12.067877 19.306425
-10.769606 10.419113 10.834171
-10.766593 10.557631 11.368357
-11.478589 10.242957 5.450564
-8.888361 12.270513 44.214520
-8.895728 12.348364 53.165142
-13.191798 11.212416 16.928194
-14.718773 10.037182 0.651567
-14.583314 10.238412 5.670479
-14.126824 8.310454 15.722298
-13.009830 9.478191 12.486721
-14.820529 10.048983 2.599255
-14.687527 10.071088 0.962634
-14.656621 10.376736 7.722101
-13.352345 10.899963 3.233338
-13.021427 11.204930 23.090401
-13.646446 8.982812 11.398645
-13.959030 8.744755 12.418600
-14.441325 8.359368 7.611606
-13.929128 8.716689 16.999071
-14.241445 8.572053 19.488886
-12.063306 10.206856 18.897268
-12.277390 11.362666 20.086031
-13.963469 10.551470 10.882688
-13.137774 10.988399 4.794171
-14.284118 10.625739 14.263164
-13.423444 9.369209 5.067825
-14.453704 10.192986 4.209717
-14.898383 10.095791 10.507666
-14.432219 10.302110 7.253561
-13.938500 8.716644 7.679824
-13.016331 9.508260 5.700668
-14.115232 10.771551 17.546453
-13.309358 9.370954 6.233511
-14.004109 8.969910 3.948493
-13.538707 9.148851 4.007738
-13.380692 9.258511 4.801571
-13.697369 9.041177 4.297620
-13.649226 9.328526 0.780912
-13.272401 9.579379 2.253251
-13.170837 9.513076 4.181038
-13.671840 9.131381 4.235119
-13.295745 9.396943 3.691202
-13.535396 9.155682 4.284508
-14.025952 8.949018 6.872100
-12.185525 11.483739 10.277967
-13.353065 11.251195 11.025300
-12.068297 10.149192 3.052054
-12.147866 10.079660 0.994563
-12.500638 9.910505 0.065740
-11.787963 10.175037 0.883163
-11.285134 10.338785 11.696048
-9.905543 11.791491 15.265016
-12.101804 11.864651 12.617649
-12.422729 11.525605 8.346550
-10.701116 11.979415 6.916877
-12.467419 9.723403 9.810276
-13.004144 9.400021 10.498669
-13.528655 9.045731 14.909328
-14.241222 10.606367 8.756812
-14.360732 10.339809 3.900180
-14.071963 10.444850 1.502232
-15.388206 9.469378 6.087636
-14.533874 10.282317 2.182421
-14.344675 10.439287 2.390232
-13.289069 9.174558 6.399892
-12.847148 9.462347 9.659345
-12.999308 9.222436 15.741066
-13.718491 10.628303 3.724763
-13.580762 10.714983 0.810408
-13.674148 10.804080 0.873386
-13.850999 10.554247 3.206576
-14.615796 10.130376 5.345420
-11.096039 11.801267 10.795381
-11.856007 11.666330 10.979366
-12.454713 11.525664 11.268878
-12.906228 11.273438 6.903755
-13.148610 11.139521 7.568318
-13.556744 11.034749 14.819312
-13.858462 8.988646 6.808456
-13.700511 10.743547 7.418633
-12.751372 11.155832 0.221070
-12.221275 11.415088 12.449780
-13.105616 10.981947 8.506145
-12.340185 9.630518 12.404989
-12.529780 11.261524 6.200208
-11.962971 11.667442 9.703844
-10.881022 10.427136 5.576308
-11.376844 11.696260 2.355175
-10.910041 11.744319 10.228373
-11.841186 11.765850 7.113608
-9.513174 11.926959 5.180001
-10.120758 10.542346 0.824515
-8.354059 10.552256 3.563280
-8.447085 10.678554 1.537012
-8.633108 10.647680 1.089810
-8.403103 10.581649 0.403665
-8.470047 10.645433 2.185179
-8.560720 10.552087 2.897034
-9.008127 10.557700 1.640294
-8.841235 10.527593 15.808955
-9.753307 10.446740 8.354236
-7.829969 11.724099 24.829712
-1.277107 7.465517 56.972687
-5.617743 11.354798 4.992213
-6.154299 11.543789 2.182793
-5.743106 11.410366 8.273395
-4.477053 10.912416 16.421480
-5.349329 9.633921 1.645993
-5.159750 9.446761 8.547166
-4.870828 9.233401 16.710283
-3.765081 10.129420 14.065289
-4.050090 10.638930 21.439709
-6.113199 11.601855 24.308228
-9.213770 10.652547 3.592831
-8.809917 10.607396 1.138710
-8.945472 10.521891 3.034601
-8.324025 10.502213 6.456361
-8.384419 10.577621 0.900247
-7.637274 10.432597 14.304830
-9.803514 12.001411 9.193242
-6.598389 11.608831 19.447401
-6.737463 10.075434 3.446499
-6.503070 10.097342 3.565288
-6.603329 10.178215 0.164464
-6.135236 9.991264 2.442575
-6.355417 10.031529 1.439264
-6.579293 10.112174 0.047634
-6.440668 10.075837 0.242428
-6.757432 10.304363 2.661183
-6.680252 10.170927 0.016963
-6.598872 10.010418 1.883817
-6.379028 10.081881 0.477600
-6.600716 10.099416 0.620809
-6.843029 10.248893 2.985524
-6.789795 10.157244 1.680795
-6.998483 10.074913 6.492357
-5.675693 9.782980 2.919736
-5.496641 9.613531 3.621661
-6.155929 9.873016 1.852619
-6.525364 9.990677 2.377950
-6.541919 9.904784 5.995403
-3.954530 10.013721 5.526224
-5.591641 9.757771 3.804668
-5.200904 10.932356 0.662745
-5.229774 11.024764 2.676794
-4.932037 10.849477 9.413759
-5.850926 11.324128 1.227982
-5.587278 9.747461 6.264144
-5.217076 11.060258 5.863381
-3.293257 9.604882 0.533699
-3.313663 9.844155 3.577762
-2.891960 9.400865 5.265025
-2.414267 9.428045 52.265362
-5.255646 11.284219 10.321984
-6.618789 10.028976 5.081628
-7.391207 10.231244 4.205816
-7.723440 10.380428 4.269095
-7.392206 10.237737 3.337139
-7.754961 10.313473 8.672982
-2.900319 9.541732 5.249310
-2.482380 9.107808 18.811375
-2.447866 9.486461 30.513899
-6.334477 9.919520 4.896612
-3.765820 10.141909 6.719769
-2.424455 8.966806 19.599224
-4.731179 9.022692 1.343572
-4.214448 8.699424 8.199961
-3.742860 8.111427 12.494176
-2.800844 9.301647 5.428789
-2.521282 8.737977 4.896967
-2.725479 9.268548 5.252501
-3.098045 7.500329 1.814090
-2.995491 7.358799 7.012953
1.192711 3.657138 21.287159
-1.613949 2.429044 10.212574
-1.316371 2.559750 15.932733
-0.277805 2.769094 14.337823
-0.281943 2.967564 12.332623
-0.086553 2.967727 13.841434
-0.239870 2.456496 32.064648
1.582763 5.176716 20.601183
0.739028 3.961499 10.578777
0.846138 4.269435 8.746266
0.990167 4.698360 11.520263
1.210949 3.866285 23.526382
1.496412 2.988392 42.293648
1.364123 2.402589 47.357147
-3.393544 7.912502 1.521039
-3.547485 7.950399 4.590286
-2.700073 6.916549 22.222040
-2.893475 7.220765 3.312640
-1.399148 7.287796 3.935791
-1.307973 7.130224 7.445556
-2.141920 8.576306 3.237080
-1.873441 8.005151 1.661942
-2.104599 8.376718 0.736606
-2.599609 8.978218 4.271060
-2.786179 9.180534 7.363629
-2.366151 8.597289 0.676078
-2.334227 8.771488 4.085868
-2.348224 8.944356 9.283304
-3.940136 8.505628 5.998248
-3.793099 10.209945 29.547516
-1.447755 7.814051 7.597920
-3.224332 7.787606 10.009180
-2.969872 7.204660 4.581378
-2.948894 6.524737 1.835822
-3.039609 6.448737 3.759105
-2.638421 6.462082 0.570189
-2.397622 6.487128 3.922093
-2.366968 6.311120 0.059084
0.868714 3.958077 5.807294
0.944278 3.576477 5.947827
-2.456227 6.135730 2.698581
-2.720844 4.102275 34.417084
-2.608490 6.627138 2.191383
-2.611696 6.553928 1.454569
-2.572666 6.493519 6.059021
-1.136188 7.272601 11.060664
-2.575461 6.600384 2.429668
-3.041433 6.002114 9.202045
-2.465130 6.088035 18.238102
-2.579956 9.102702 5.662166
-1.787092 8.327593 9.366735
-3.229308 7.447827 12.333817
-1.187409 7.160964 19.920961
-1.341414 7.188354 6.700505
-1.132951 7.488008 18.402222
-0.840349 6.821333 22.837797
-0.041481 2.643123 13.496027
0.562752 3.359542 9.993824
-0.147381 3.327414 6.703349
-0.366563 2.834339 18.294195
0.900487 3.562882 4.350286
0.560371 3.528061 0.690143
0.477341 2.966519 11.428048
1.331733 3.164177 26.208614
-1.282094 2.991857 14.933543
-2.139914 2.966978 5.342759
-2.142772 2.652641 4.758667
-0.746070 3.323188 41.018314
-0.744270 2.565700 11.717987
0.148278 2.540429 28.372448
0.608330 5.413118 0.290075
0.992721 4.777270 13.791682
1.318186 4.112463 33.718430
1.494283 3.820050 39.183090
-3.145806 6.709661 14.340592
-2.586383 6.608275 13.644408
-0.529695 2.381527 12.989388
0.814813 3.184143 13.812077
1.772190 4.361763 33.376495
-3.144298 3.375793 15.067953
-2.609253 2.950502 9.383139
-2.963417 3.422843 15.187924
-3.171068 3.385283 24.134815
-1.029844 6.659669 11.886060
-1.939886 8.407786 9.750113
-2.811512 3.796068 19.611530
0.017304 2.563867 18.092649
0.626738 4.904119 1.461773
0.681133 5.177355 0.764483
1.060711 5.239017 10.358450
-0.743331 2.530461 19.514482
1.468620 5.539883 26.935467
1.213079 3.206772 21.961878
-0.346397 2.501277 10.014406
-1.014107 2.542799 9.998884
0.273853 2.380897 23.952015
-0.308181 6.719601 20.228235
-2.376018 6.166715 1.764419
-2.606526 6.722230 4.905547
-2.466895 5.163167 1.923823
-2.502578 5.349893 0.774624
-2.566652 5.303819 3.978883
-2.685302 6.221179 10.176566
-0.788626 6.769191 17.153534
-2.871786 6.874692 31.019114
-3.845829 8.165092 13.354936
-0.899051 6.728110 13.177444
-0.839662 6.812458 23.997272
-2.841899 9.814406 33.165150
-6.801826 11.616674 4.270712
-7.495950 11.905163 16.367523
-8.763400 11.917799 1.862743
-8.752788 11.830522 1.534371
-8.391449 11.782910 0.089060
-7.809108 10.385494 8.035881
-7.225626 10.282504 1.992314
-7.332867 11.808113 5.295644
-6.683797 10.167753 3.711427
-4.194512 10.332587 11.494349
-5.145224 10.792920 2.189484
-5.277006 11.310555 9.271730
-5.177703 11.020425 4.061286
-2.971153 9.490195 24.327995
-4.728344 10.754537 10.748979
-7.434410 10.411170 0.481473
-6.836713 10.226779 0.772846
-6.936763 10.299069 1.839453
-7.661696 10.502995 1.215183
-8.395316 11.963719 0.792771
-7.549225 10.418633 2.285904
-6.656606 10.232981 1.111074
-6.836713 10.226779 0.772846
-7.433443 10.454092 0.095307
-7.446232 10.407098 0.404494
-7.491410 10.257040 4.066786
-7.647473 10.374042 3.589878
-6.809326 10.225961 2.379553
-7.224266 10.259519 1.892403
-7.954814 10.545974 9.492760
-5.804852 11.236649 3.980662
-5.514531 11.036534 7.331196
-5.883312 9.797874 13.437037
-6.530892 10.002113 6.902124
-6.927929 11.837529 4.517340
-6.844193 11.691972 1.010755
-6.583768 11.593385 2.459137
-6.489346 11.434074 1.043266
-7.156956 11.655124 2.862985
-6.835221 11.591604 0.086236
-7.051247 11.620369 0.300423
-8.678684 10.296802 13.536838
-7.260852 11.705375 1.975719
-9.185064 12.081621 16.023594
-7.464669 11.712442 6.233697
-9.260797 10.373491 13.847227
-8.001341 11.747682 13.599749
-6.789955 11.517205 0.532076
-6.702373 11.643887 1.532927
-6.493273 11.760159 7.359892
-6.038194 11.475760 2.725778
-6.675043 11.612725 0.890370
-6.641476 10.079806 3.709386
-7.134874 10.050329 12.631110
-6.720393 11.710276 2.918350
-7.309980 11.662416 5.957049
-5.551441 11.189713 5.019954
-6.971611 10.069921 8.164708
-4.857189 9.283118 6.691139
-5.695796 9.600128 2.108174
-4.762828 9.125929 12.049198
-3.371515 9.771317 10.848525
-3.461674 10.075073 13.995985
-5.612253 9.596866 2.685858
-5.600296 9.715466 0.849304
-5.869396 9.784648 1.496579
-5.940230 9.679371 7.032673
-1.942355 8.645241 13.123373
-1.008887 7.183880 22.762344
-1.396847 7.045311 13.657891
-1.373179 7.329648 18.448603
-1.277037 7.102886 13.381014
-2.923156 7.315644 2.473254
-3.137594 7.154719 12.414821
-1.740506 8.130219 23.047888
-2.695119 8.888374 3.203136
-2.243742 8.484504 1.351253
-1.958077 8.084733 8.540636
0.743521 2.709175 24.653116
1.055814 4.472813 15.358162
1.348744 5.315208 11.346800
1.348743 4.633029 16.152496
-0.212882 2.492197 30.043196
1.049150 5.569579 5.644951
1.080503 4.077050 26.382095
1.003383 3.148189 29.828094
0.494594 2.980878 21.760620
-1.656918 3.340979 6.218755
-1.090489 3.517567 1.309896
-1.792681 3.359201 5.456709
-0.580399 3.424196 6.762355
-1.083755 2.792077 16.400963
-0.028809 3.015022 6.737223
-0.319185 2.612875 18.231106
1.175547 2.736514 19.258846
-0.882921 2.461186 19.103825
0.054026 2.800164 24.972008
1.253894 5.162916 11.053913
1.313194 4.238506 19.703299
1.343458 3.739686 37.356182
-2.787606 6.920243 0.268988
-2.441017 6.311948 3.501653
-2.432518 6.264893 10.118686
-2.917366 6.934778 17.193661
-2.620085 8.909544 0.524872
-2.430546 8.743855 1.952055
-2.394002 8.623527 0.579252
-2.280571 8.516482 0.776968
-2.103704 8.184767 2.625217
-2.250478 8.604504 2.629781
-2.695119 8.888374 3.203136
-2.345660 8.855202 6.475696
-2.045658 8.421280 4.892093
-2.568070 6.572191 21.438459
-2.083959 8.492440 5.792218
-2.563164 3.781310 4.780993
-2.641159 3.420624 8.705061
1.093170 6.346239 28.498056
-3.045696 7.331641 7.242109
-2.937371 6.007324 17.458866
-1.476282 7.439532 3.072809
-1.979019 8.238533 9.673649
-1.296277 6.966389 2.834242
-1.340841 7.237419 2.836687
-1.575943 7.466204 0.731844
-2.566215 5.701200 6.439485
1.168566 5.982991 6.763383
1.181638 4.997332 14.423344
1.285787 4.684945 14.474078
-2.618773 6.365583 1.574801
-2.750778 6.613071 10.813880
-2.586944 6.357594 3.287944
-2.759395 6.439369 0.865412
-2.426018 6.465641 0.794446
-2.518927 6.228384 6.212204
-2.569102 6.494970 11.301189
-2.806940 4.860409 13.976656
0.668442 6.473569 7.624335
-0.745038 3.211765 3.054838
-0.927756 3.056027 6.977559
-0.680860 3.494573 0.396886
-0.307530 3.380915 3.715108
0.856372 4.101476 6.740286
-0.294370 3.438570 1.969943
0.164950 3.443172 8.154646
-0.149599 3.559029 0.903184
-0.290636 3.428410 3.449093
-0.608612 3.439282 4.568966
0.204600 3.323537 9.623891
0.565364 4.892169 6.037912
0.548742 4.153146 1.404180
0.454358 4.334542 0.072634
0.453510 4.627959 2.786448
0.560785 4.682968 0.419786
-3.319767 7.704536 16.718029
-5.039587 10.845841 0.113009
-6.874723 11.561052 6.928414
-7.735483 10.506808 7.497749
-7.570632 10.391008 7.156973
-6.415424 11.380207 0.638005
-6.894735 11.578938 2.740372
-6.672950 11.515773 2.134045
-6.611368 11.589684 8.885402
-6.990212 11.867530 12.789248
-7.070656 11.798743 13.029694
-6.636521 11.561852 10.955047
-6.984646 10.270131 1.393909
-7.111708 11.695777 3.389090
-7.092372 11.747768 11.678501
-5.251407 11.179571 11.134390
-6.356935 11.450214 0.121735
-6.330999 11.332467 1.010828
-6.875714 11.672244 6.521892
-1.236300 7.045565 16.110701
-3.121189 7.532880 3.809161
-3.321269 7.408657 9.718992
-2.490841 9.065309 5.766803
-1.817167 7.881964 4.537642
1.200025 2.305696 35.291008
-3.701173 6.358144 10.936054
-2.977295 6.631172 8.892685
-2.521937 6.554630 4.690343
-1.436057 7.463408 4.261390
-1.302313 7.633069 9.384481
-3.105376 7.248868 14.833610
-5.040982 9.352823 3.167228
-4.872258 9.251468 1.048302
-6.134562 11.447240 3.251485
-5.902341 11.296964 0.614452
-5.904227 11.380483 2.185705
-5.630001 11.435074 4.127854
-6.297809 11.434922 2.481615
-5.594660 11.348228 3.397662
-5.714774 11.217114 0.384795
-5.845294 11.394965 1.356881
-6.180983 11.331814 2.333470
-5.989502 11.224164 4.513175
-4.453359 10.551554 3.732451
-4.731634 10.701888 0.538956
-4.514538 8.544189 13.503826
-4.385437 10.477041 6.110267
-3.600117 9.866049 7.702668
-3.488974 7.900818 15.218932
-3.272567 9.649582 6.514705
-4.245045 8.586165 3.578604
-4.427751 8.547609 5.888251
1.574806 3.370916 44.536476
-2.541522 6.362816 23.407152
-2.721386 9.197186 9.822487
-3.503481 9.681963 1.581122
-3.347096 9.885516 3.135778
-1.540537 7.518971 8.358140
-2.683234 9.238092 16.160339
-2.158966 8.958560 17.965767
-4.192754 8.324012 28.105986
-3.874856 8.092258 12.404350
-3.464337 8.141121 1.591866
-3.498144 8.019206 7.689259
-4.192813 8.382898 5.515384
-4.557603 8.766820 1.180823
-2.866942 9.253597 3.551161
-3.062763 9.454635 2.953043
0.311708 2.878386 10.458383
1.075720 4.683633 6.099760
0.569094 3.320183 4.568798
0.838441 3.960711 2.729429
1.196685 3.700854 13.423626
0.883164 2.729974 17.762047
1.509265 4.151542 23.318645
-0.795257 6.911867 4.537790
1.044925 4.599632 15.069038
-3.039634 5.582536 7.725667
-3.145809 4.831163 8.686279
-3.141037 4.856407 11.313501
-3.073565 5.415194 5.157203
-3.252499 5.648089 12.871479
-2.902244 5.838791 1.875682
-2.902244 6.629896 13.935056
-0.398272 6.750253 6.717612
-0.649545 6.748764 5.939356
0.935370 5.865916 6.632504
-0.154044 6.615182 4.709517
-0.797928 6.773144 7.903486
-1.191006 7.303871 21.592789
-2.841604 6.423062 9.712893
-1.080733 6.971555 1.288633
-0.532663 6.658143 4.258698
-1.066854 6.904726 1.283925
-0.800204 7.190471 4.906122
-1.488276 3.458922 0.339995
-1.241886 2.961958 8.438717
-1.849187 2.534832 15.648897
-2.467410 2.725549 14.511305
-2.616462 4.481791 0.533739
-2.602769 4.626743 1.319060
-3.520490 9.832728 9.039527
-3.080246 9.742294 12.314289
-3.083304 10.213272 22.738010
-1.799407 8.203696 16.560537
-0.865123 7.367452 30.793884
-2.620635 5.145322 1.774442
-2.540137 4.754566 3.063607
-1.661258 2.508717 18.447390
-2.634097 4.974217 2.761065
-2.632288 5.588028 2.844785
-2.605407 4.905112 5.222743
-2.711473 4.208473 14.050939
-2.686276 5.371215 2.800053
-2.567225 6.470336 5.799394
-2.468979 5.233779 8.949838
-0.282541 3.147315 7.330148
-0.351181 3.176393 3.262101
-0.187194 2.919669 11.897649
-0.231198 2.888558 11.210900
0.240201 3.018134 17.690742
-1.515327 3.220748 1.668018
-2.062777 2.628444 19.126282
-0.316117 3.188579 8.415902
-2.625684 4.187323 2.241422
-2.461950 3.695486 0.966907
-2.515225 4.080371 1.446185
-2.862642 3.934129 11.525319
-3.029953 4.397613 11.237454
1.091676 4.127023 8.518142
-0.447958 3.317950 14.102549
0.744468 5.620572 3.243457
1.101709 5.386239 8.475622
0.576934 4.964826 1.883115
0.719248 4.538539 1.745353
0.522071 4.308110 0.130635
0.510525 3.997140 0.881511
0.289673 3.305868 1.720672
-0.140409 3.465643 0.273011
-0.176591 3.088836 5.642843
0.572625 4.391757 1.878288
0.459803 3.784441 1.186450
-0.340500 3.352485 1.728446
-3.436689 4.225755 29.411066
-0.301536 3.394315 0.376655
-0.367939 3.440250 0.817815
-0.666142 3.507275 0.000858
-0.201831 3.450093 1.411644
-0.166176 3.505883 1.465063
-1.118245 3.421503 9.744370
0.936160 4.301447 10.992970
0.497813 5.433213 0.065649
0.608158 5.048389 2.068295
0.936160 5.249565 6.574183
0.686919 3.187236 22.604328
0.870227 5.045908 5.441199
1.062179 5.767779 7.009403
0.677716 4.588714 9.598022
0.880275 4.212932 23.199316
0.030896 6.653036 3.351136
-1.197086 6.878422 11.235088
-0.439812 6.654497 0.411115
-0.684317 6.914493 6.141951
0.512760 6.158283 3.424288
0.601628 6.072147 3.841733
0.778005 5.898111 6.253777
0.513956 6.419619 0.779116
0.777931 6.507629 7.316816
0.513330 5.834956 4.098055
0.476414 5.985842 0.213274
0.624127 5.737900 2.131920
-0.484274 6.721672 1.495131
0.021801 6.817293 2.449355
-0.519169 6.898168 5.406067
-2.716709 4.805767 5.642511
-3.027194 4.218886 11.568002
-2.805007 4.204187 4.004550
-3.426008 4.675547 28.050226
-2.788228 6.161182 8.337173
-3.584399 5.655079 24.946522
0.664490 5.815300 8.954135
0.061840 6.777556 1.754392
-0.105552 6.832739 2.521231
-0.463246 6.875608 4.502998
0.005379 6.641694 0.549597
-0.031685 6.492981 0.058263
0.213393 6.561932 2.025223
-0.648780 6.622119 7.228790
-3.038324 5.438078 7.733117
-2.729980 4.035824 11.778622
-1.160296 3.044024 7.466646
-1.940166 8.296561 4.981330
-1.769456 7.721191 2.093931
-1.619695 7.760226 5.444634
-5.012038 9.372883 14.557919
-3.146113 9.363288 1.450688
-2.904088 9.313354 5.689353
-3.020474 9.561795 7.950626
-2.729367 9.181983 5.635185
-4.178666 8.577971 5.015054
-2.890031 9.359756 3.619462
-2.522738 9.027414 6.811316
-2.496603 9.130405 12.220544
-1.829248 8.236154 12.675335
-1.944895 8.140297 6.334625
-3.051694 6.970392 7.930517
-1.578771 7.679165 4.468050
-1.624531 7.884749 10.635962
-1.549681 2.784237 12.091321
1.077406 4.710147 3.516686
1.314227 4.284575 14.306506
-0.654351 2.822150 10.521725
-0.165069 2.694341 17.260773
1.415840 3.288500 19.263884
-3.089044 3.637405 21.882750
-1.540687 7.332864 14.654094
-2.644001 4.968068 3.236880
-2.570872 5.736257 6.623652
-2.647318 6.295032 9.066199
-0.907023 7.359272 7.835190
-0.393542 7.161697 14.617335
-2.501244 6.202809 1.951787
-2.651971 6.084691 2.800492
-0.802331 7.075583 9.406662
-0.781003 6.761522 0.540098
0.862337 5.179121 8.796438
0.998055 5.811657 14.538792
-0.638588 6.795689 1.119517
0.638102 6.277521 11.483727
0.508326 5.256804 0.873475
0.766031 5.707045 6.440914
1.152925 5.289213 13.565368
-0.383684 6.851888 6.828647
1.609786 5.533415 16.999418
-0.237275 6.784685 6.363608
-0.128371 6.672030 15.699372
-2.943940 4.692357 25.978760
-2.721208 5.077596 4.764925
-2.643873 6.080378 0.736902
-2.723081 6.128371 1.297145
-2.517678 5.026395 10.601790
