-2.789175 1.812562 27.577343
-0.681438 -1.199791 2.913376
-2.381157 -2.075420 15.958136
-0.356349 -1.069252 1.506398
0.262135 -0.898819 9.473571
0.419921 -0.953438 22.099800
-0.135621 1.079642 6.238732
-0.824944 1.311944 2.851745
0.202983 -0.410634 1.869774
-0.002572 -1.111773 13.359653
-0.562641 -1.393351 4.154768
0.041819 -0.651240 2.733188
-0.075857 -0.818729 2.447318
-0.360801 -1.307425 6.470413
-1.083923 -1.797876 11.071581
-0.244292 -1.242387 3.890340
-0.304130 -1.421861 8.372202
-0.474535 -1.216845 0.671465
-1.475242 -2.180822 12.682557
-0.172256 -0.921005 3.622801
-2.576246 -1.692294 10.759137
-0.155688 -1.066894 1.419090
-0.468896 -1.062822 2.638421
-0.356669 -1.025158 1.048185
-3.131380 -0.920488 9.203642
-2.384684 -1.432873 3.156157
-3.244466 -1.001271 13.430819
-2.310241 -1.173232 0.194682
-2.523938 -1.387110 8.478656
-1.139059 -1.703934 5.603351
-1.311831 -1.773817 8.397999
-0.569936 -1.597723 7.356384
-0.075001 0.705005 4.240379
0.102498 0.616525 9.013082
0.614556 -0.233082 8.775611
0.501355 -0.521062 11.689960
-1.266456 -1.845847 2.387701
-0.799927 -1.562438 3.294745
-1.801298 -2.143322 6.755652
-1.470987 -2.245241 11.942037
-1.352016 -2.034822 4.324322
-1.135967 -1.687598 1.749091
-3.332588 -0.691179 13.387280
-0.099515 -0.650800 0.752524
-0.566740 -1.391966 5.376359
-1.743187 -2.259190 25.054964
-0.005287 -1.149050 7.825754
-2.736772 -1.112041 7.455819
0.152986 -0.685666 7.299085
-2.688196 -1.323889 13.069165
0.116655 0.429274 0.524450
0.351120 0.157636 5.101188
0.764671 0.283171 4.383670
0.423100 0.118088 2.947263
0.866481 -0.206988 7.946924
0.029929 0.720580 3.196097
-2.153252 1.376683 0.272564
-2.911026 1.022390 4.184657
-5.951341 -2.499003 28.523054
-3.147218 0.513171 0.709045
-3.002935 0.972985 6.508819
-2.080069 1.546388 0.186663
-3.088816 0.949999 8.538807
-2.383868 1.167263 0.956984
-2.901373 0.789303 9.045258
-1.729555 1.829459 0.219567
-2.771840 1.187918 2.547531
-0.458248 1.015351 5.423173
-0.152369 0.706068 0.164511
0.208478 0.821488 4.293758
-0.860530 -2.041627 10.489388
-0.415177 -0.975666 3.691602
-0.367533 -1.144977 7.835268
0.263448 0.835757 4.052294
0.737302 -0.220589 5.818748
-0.075730 0.758900 0.978877
-3.010842 0.618921 2.541616
-6.277686 0.849680 19.586842
-3.644343 -1.213610 20.627935
-3.604128 1.144845 16.297546
-0.462670 1.353203 13.646152
0.083556 0.756044 2.347492
-1.306165 2.140474 14.461411
-1.244134 1.811689 11.891762
-0.420582 1.133603 1.676510
-2.000268 -1.546358 4.201949
-2.552633 -1.408445 6.393174
-2.254662 1.357336 6.610595
-3.201042 -0.795068 11.313366
-2.911073 0.754743 4.513585
-2.631772 1.453353 8.322190
-1.568010 -2.543844 31.797379
-1.102199 -1.963701 1.970869
-0.252964 -1.578218 9.943520
-1.649738 -1.905215 2.092201
-0.923822 -2.274968 5.138728
0.009591 -1.012605 4.988629
-1.912696 -1.787814 3.821120
-0.202596 -1.475788 8.496642
-2.025916 -1.770742 6.632813
-0.809240 -1.944991 4.078306
-0.731369 -1.629698 0.837638
-0.425316 -1.758948 7.209656
-0.664852 -2.170020 9.469800
-0.216645 -1.465318 8.680203
-3.046221 -0.647871 1.862133
-2.852913 -0.852123 5.265503
-0.812795 -1.771743 1.037397
0.465549 -0.225540 16.960999
0.083590 -0.528654 4.098406
0.414337 -0.869671 21.472595
-1.960341 -1.581428 2.685046
-0.493684 -1.738368 6.690847
-1.126968 -2.363428 10.455588
0.531205 -0.216479 3.896173
0.207113 0.559104 2.812172
0.936912 0.177855 24.012966
-2.402744 1.353868 1.750555
-1.259380 1.965360 1.231770
-1.852484 1.619897 0.437772
-1.929028 1.671124 0.660350
-1.603576 2.191898 9.906046
-0.194206 0.744073 0.694992
-1.001519 2.182807 20.767008
-1.064077 2.270541 8.984399
-1.734730 2.175624 7.485229
-0.338607 1.624125 10.948715
0.149042 0.664881 5.013803
-2.010420 2.224286 25.200779
0.007146 0.594335 4.071422
0.148079 0.595483 3.945675
0.271386 0.219660 0.692475
0.494150 -0.027511 0.804542
0.007891 0.531855 1.067623
-0.717534 1.143689 17.844933
-0.420413 -0.908156 1.275070
0.242038 -0.400287 0.616843
-0.013281 -0.841957 1.359674
0.602970 -0.331234 3.450228
0.130614 -0.439275 0.087096
0.259298 -0.590749 0.731190
0.335212 -0.434035 1.626560
0.570711 -0.260990 4.568016
0.684931 0.156858 8.684345
0.031432 1.110593 7.833114
-1.843922 1.867384 8.520402
-1.353760 1.839862 1.115869
-2.306334 -1.484792 7.033436
-0.692586 -1.934132 7.202049
0.453683 -0.923915 13.540230
-0.144380 -1.137151 7.059207
0.515404 0.058433 7.645435
-0.369857 1.477341 10.868536
0.578722 -0.008617 14.333103
-0.154823 -0.905400 7.637871
-0.110310 -1.139505 5.220951
-0.961766 -1.619802 1.219378
-0.876137 -1.661022 3.924281
-0.193273 -0.795363 2.436820
-1.268810 -1.900812 10.640719
-0.671297 -1.561516 5.127469
0.154010 -1.010148 15.884321
-0.387503 1.026856 2.811274
-1.100565 -1.920424 12.478322
-1.909171 1.603748 3.406811
-1.968160 1.598996 9.416135
0.313683 -0.245669 0.423955
0.025331 -0.738627 2.832987
0.342889 -0.295577 9.984922
-0.922497 -1.439535 1.858556
-1.698303 -2.235960 11.832720
-1.091003 -1.594959 3.539786
-3.462281 0.968511 9.677516
-2.848584 1.383473 4.843886
-2.138095 1.450783 0.198769
-2.782082 1.120551 1.216559
-2.344105 1.705916 4.897377
-1.726102 1.879314 2.323158
-1.499899 2.629328 14.440791
-3.478830 1.138493 4.525084
-3.277209 0.736015 8.611191
-2.556761 1.040868 6.695800
-3.146052 0.659378 0.794923
-4.052816 1.544844 4.956604
-3.718219 1.563218 16.584061
-3.149872 -0.799233 2.400471
-3.589818 -1.140548 6.115413
-3.037005 -0.600270 5.303438
-0.577748 2.096704 13.250649
0.301905 -1.133888 11.387734
-5.272559 -1.260045 1.157267
-6.118412 -1.083610 18.774666
-6.224368 -0.611082 1.082838
-5.924978 -1.323895 9.415423
-6.608646 -1.157654 15.027472
-5.222986 1.451065 2.293888
-5.786951 0.788123 7.448925
-5.628165 1.073848 4.042471
-5.876493 1.105418 11.226891
-3.146070 0.809889 7.935047
-3.502849 1.432546 21.900307
-6.017311 0.777708 3.871364
-9.965225 0.429185 25.258312
-6.271382 0.748344 5.569250
-8.666185 0.892755 0.315525
-8.965461 1.854134 20.437214
-9.610850 -0.513668 10.681477
-8.831052 -0.813790 4.326231
-8.655529 -0.930463 1.460365
-6.338899 -1.928658 12.157988
-8.653036 -0.890012 1.981011
-5.196562 1.761402 6.720757
-1.811479 1.580071 22.820173
-2.896092 0.629964 4.163808
-2.581036 0.784927 11.705864
-3.707551 -1.586031 4.897353
-2.993846 -0.979367 4.838602
-3.849808 -1.715465 12.034234
-6.017496 -1.188811 5.179158
-6.044362 -0.619192 17.038498
-5.697335 -1.127544 18.703278
-3.214546 -0.844896 4.016011
1.518813 -0.301557 33.378490
1.162781 0.330006 16.378912
0.390638 -0.662718 7.835376
-0.460920 -2.165036 28.986111
-4.238348 -5.282466 5.509932
-4.127975 -5.617650 12.581147
-5.596243 -1.851497 5.395875
-6.563834 1.414580 0.899239
-6.574708 1.753389 1.313327
-6.662251 1.295309 0.918428
-9.682005 4.707867 33.924324
-6.363389 1.710552 10.990469
-3.404643 1.049098 59.194557
-6.670279 1.332115 37.328762
-5.536972 1.020168 42.215485
-7.997750 4.532950 13.682412
-9.367378 4.754297 10.958038
-5.241776 6.527956 12.252718
-8.302352 8.121559 42.071331
-6.234192 5.205141 12.382488
-5.578780 4.438144 8.961264
-8.422257 4.706048 10.085920
-6.544794 4.081757 4.727313
-7.037247 4.507350 2.277757
-6.787689 4.315988 0.106000
-6.469438 4.461095 4.017125
-6.836329 4.393978 1.726763
-6.684990 4.199157 3.940625
-6.474163 4.658206 0.212215
-6.889293 4.448432 1.928902
-6.492291 4.310679 6.098498
-11.999717 2.222041 1.290856
-12.839240 1.680228 4.946001
-15.769278 5.175609 25.766294
-11.884233 3.731953 3.144531
-12.115025 3.579712 6.303001
-12.403546 3.974298 20.347988
-11.589909 4.185880 3.208333
-11.259931 4.479696 6.805182
-11.169297 4.401777 4.082456
-11.339157 4.303236 14.828508
-12.775713 1.521937 10.255581
-11.428627 1.345214 10.562116
-9.095697 1.729563 4.614180
-8.971907 2.031977 6.186666
-9.354509 1.209281 9.127274
-9.904415 1.130018 3.181452
-9.764573 1.309298 1.642528
-10.954965 1.460433 0.362367
-10.904531 1.270346 3.099453
-11.300984 1.396600 6.557326
-10.029421 1.199552 2.572565
-9.794392 1.268146 4.253565
-9.913715 1.452633 0.314416
-9.818742 1.322988 1.076345
-11.833637 4.714444 12.291250
-8.946827 5.357274 17.421349
-11.855978 4.022203 2.754309
-12.063952 3.612417 0.275753
-12.396267 4.150372 13.223028
-11.564234 1.210944 11.317211
-9.095116 1.934959 2.938936
-6.093796 1.049388 16.123348
-8.451818 1.941510 1.064688
-9.091372 1.851614 11.577565
-11.632126 3.855932 8.000896
-11.626111 2.136837 0.401397
-12.408042 2.120538 5.122281
-14.647437 1.925022 2.907633
