0.000000 0.000000 0.000000 0.000000
1.000000 -1.538292 -0.037872 0.236199
2.000000 -1.732181 0.153884 0.227444
3.000000 -1.946165 0.554876 -1.835080
4.000000 -2.372034 1.178401 0.286477
5.000000 -1.538292 -0.037872 0.071843
6.000000 -1.343612 -0.229628 0.240392
7.000000 -0.938165 -0.248275 -1.452120
8.000000 -0.688761 -0.459096 -1.404727
9.000000 -0.624021 -0.862719 -1.953021
10.000000 -0.714703 -1.180468 0.294623
11.000000 -0.688761 -0.459096 -1.720809
12.000000 -0.625629 -0.486741 -1.636095
13.000000 -0.783528 -0.696605 -1.426005
14.000000 -1.173980 -1.092461 0.281396
15.000000 -1.800838 -1.521179 0.073882
16.000000 -0.688761 -0.459096 -1.641552
17.000000 -0.625628 -0.639046 -1.753650
18.000000 -0.938165 -0.248275 -1.537102
19.000000 -0.494665 -0.460335 -1.969190
20.000000 0.244236 -0.861701 -1.785535
21.000000 -1.343612 -0.229628 0.416978
22.000000 -0.938164 -0.436549 -1.822817
23.000000 -0.303726 -0.661785 -1.650895
24.000000 -1.538292 -0.037872 0.366493
25.000000 -1.343613 0.154123 0.098824
26.000000 -1.130330 0.171097 -1.658690
27.000000 -0.703571 0.380471 -1.811910
28.000000 -0.446193 0.861594 -1.557199
29.000000 -1.343613 0.154123 0.199672
30.000000 -1.130330 0.171097 -1.636295
31.000000 -1.092039 0.189394 -1.567598
32.000000 -1.029045 0.230632 -1.561099
33.000000 -0.864076 0.385929 -1.567056
34.000000 -0.842400 0.787418 -1.926032
35.000000 -0.783322 1.073814 0.283441
36.000000 -0.864076 0.385929 -1.831921
37.000000 -0.647886 0.402518 -1.508073
38.000000 -0.608617 0.230854 -1.625636
39.000000 -0.388639 -0.168792 -1.569845
40.000000 0.027008 -0.416081 -1.727447
41.000000 -0.608617 0.230854 -1.950743
42.000000 -0.583467 -0.166463 -1.617581
43.000000 -0.380235 -0.607690 -1.648382
44.000000 -0.864076 0.385929 -1.416124
45.000000 -0.842400 0.404632 -1.910484
46.000000 -1.015078 0.611652 -1.550701
47.000000 -1.027307 0.632682 -1.543124
48.000000 -1.043092 0.458064 -1.788363
49.000000 -1.047612 0.248088 -1.892517
50.000000 -0.853783 0.015137 -1.463088
51.000000 -0.834553 -0.416368 -1.579249
52.000000 -0.620261 -0.874457 -1.408689
53.000000 -0.853783 0.015137 -1.714805
54.000000 -0.448027 -0.411836 -1.899636
55.000000 -0.197607 -0.669609 -1.579442
56.000000 -0.853783 0.015137 -1.514951
57.000000 -0.640108 -0.417551 -1.680095
58.000000 -0.405480 -0.680459 -1.611007
59.000000 -0.853783 0.015137 -1.849418
60.000000 -0.640108 -0.417551 -1.962670
61.000000 -0.406631 -1.063841 0.392762
62.000000 -1.047612 0.248088 -1.606679
63.000000 -0.853783 -0.175190 -1.509951
64.000000 -0.834553 -0.813998 -1.465209
65.000000 -1.007414 -1.675435 0.559232
66.000000 -1.047612 0.248088 -1.777367
67.000000 -1.010074 -0.178568 -1.856039
68.000000 -0.853223 -0.439294 -1.756727
69.000000 -0.639054 -0.895988 -1.490536
70.000000 -1.010074 -0.178568 -1.737923
71.000000 -1.047874 -0.438391 -1.944916
72.000000 -0.852282 -0.893408 -1.574310
73.000000 -0.445792 -1.352427 0.089333
74.000000 -1.010074 -0.178568 -1.874647
75.000000 -0.853223 -0.631338 -1.973013
76.000000 -0.638792 -1.105671 0.299795
77.000000 -1.010074 -0.178568 -1.711573
78.000000 -1.047874 -0.438391 -1.828639
79.000000 -1.240855 -0.700284 -1.769615
80.000000 -1.453783 -1.144188 0.131711
81.000000 -1.489655 -1.605774 0.011871
82.000000 -1.010074 -0.178568 -1.435562
83.000000 -0.853223 -0.631338 -1.587316
84.000000 -0.445898 -0.916496 -1.797777
85.000000 -1.010074 -0.178568 -1.966475
86.000000 -1.241803 -0.438929 -1.929194
87.000000 -1.645766 -0.889755 -1.811821
88.000000 -2.089501 -1.353191 0.195117
89.000000 -1.043092 0.458064 -1.438743
90.000000 -0.853232 0.063298 -1.487991
91.000000 -0.835460 -0.108930 -1.409249
92.000000 -0.621760 -0.630635 -1.766527
93.000000 -0.208323 -1.084171 0.548751
94.000000 -0.835460 -0.108930 -1.837136
95.000000 -0.816750 -0.244316 -1.978359
96.000000 -0.615248 -0.469324 -1.750323
97.000000 -0.591352 -0.692496 -1.983300
98.000000 -0.519937 -0.978076 -1.979419
99.000000 -0.615248 -0.469324 -1.623970
100.000000 -0.399162 -0.881904 -1.768821
101.000000 -0.816750 -0.244316 -1.510123
102.000000 -1.003587 -0.466862 -1.657058
103.000000 -1.405317 -0.685796 -1.960548
104.000000 -1.848406 -0.726354 -1.489976
105.000000 -2.509639 -0.939329 0.526450
106.000000 -1.003587 -0.466862 -1.750876
107.000000 -1.405317 -0.685796 -1.836676
108.000000 -1.848406 -1.108769 0.301799
109.000000 -2.316835 -1.362640 0.454749
110.000000 -1.405317 -0.685796 -1.724872
111.000000 -2.037556 -0.731681 0.588428
112.000000 -2.905518 -0.947036 0.030504
113.000000 -0.816750 -0.244316 -1.995870
114.000000 -1.003588 -0.090544 -1.820008
115.000000 -1.020161 0.297050 -1.662589
116.000000 -0.844147 0.535888 -1.403132
117.000000 -0.831497 0.594117 -1.466423
118.000000 -1.007365 0.440541 -1.868188
119.000000 -1.020623 0.235455 -1.471902
120.000000 -0.843355 0.010133 -1.471150
121.000000 -0.830301 -0.415479 -1.639641
122.000000 -1.006030 -0.862351 -1.790604
123.000000 -1.403617 -1.143177 0.382629
124.000000 -1.845106 -1.220580 0.059855
125.000000 -2.128729 -1.271818 0.454176
126.000000 -1.403617 -1.143177 0.441849
127.000000 -1.845106 -1.220580 0.593236
128.000000 -2.505479 -1.451244 0.167387
129.000000 -1.006030 -0.862351 -1.582119
130.000000 -1.213676 -1.138919 0.217591
131.000000 -1.231913 -1.418128 0.523522
132.000000 -0.830301 -0.415479 -1.640407
133.000000 -0.813566 -0.867104 -1.455788
134.000000 -0.971152 -1.175844 0.305461
135.000000 -1.206917 -1.611286 0.280679
136.000000 -0.830301 -0.415479 -1.961019
137.000000 -0.618659 -1.057110 0.505795
138.000000 -1.020623 0.235455 -1.599021
139.000000 -0.767910 0.273092 -1.939506
140.000000 -0.830301 0.367508 -1.868741
141.000000 -0.618659 0.569865 -1.526083
142.000000 -0.357455 0.644967 -1.658817
143.000000 -0.830301 0.367508 -1.481346
144.000000 -0.618659 0.376872 -1.602319
145.000000 -0.201041 0.588329 -1.489367
146.000000 -0.767910 0.273092 -1.757065
147.000000 -0.444660 -0.015690 -1.965052
148.000000 -0.003433 -0.234632 -1.975603
149.000000 -1.020623 0.235455 -1.550403
150.000000 -0.767910 0.048475 -1.736331
151.000000 -0.444660 -0.223499 -1.973836
152.000000 0.186609 -0.460093 -1.715939
153.000000 -1.020623 0.235455 -1.679262
154.000000 -0.998485 -0.183685 -1.756668
155.000000 -1.041539 -0.631761 -1.438183
156.000000 -1.236337 -1.289654 0.091382
157.000000 -1.243833 -1.798841 0.392028
158.000000 -1.041539 -0.631761 -1.516978
159.000000 -1.042412 -1.101977 0.070908
160.000000 -0.846382 -1.580592 0.015915
161.000000 -1.041539 -0.631761 -1.906122
162.000000 -1.236418 -1.100297 0.153733
163.000000 -1.639901 -1.762767 0.058923
164.000000 -0.998485 -0.183685 -1.626213
165.000000 -1.235742 -0.629242 -1.716250
166.000000 -1.450781 -1.099353 0.415053
167.000000 -1.488362 -1.768277 0.541490
168.000000 -0.998485 -0.183685 -1.474099
169.000000 -1.041539 -0.821584 -1.570482
170.000000 -1.235893 -1.310399 0.353244
171.000000 -1.407958 -1.847015 0.146734
172.000000 -1.041539 -0.821584 -1.713973
173.000000 -1.041078 -1.311076 0.384595
174.000000 -0.998485 -0.183685 -1.969034
175.000000 -1.235742 -0.438109 -1.802017
176.000000 -1.641909 -0.511608 -1.448774
177.000000 -2.276047 -0.741297 0.332849
178.000000 -3.145058 -0.783725 0.415336
179.000000 -0.998485 -0.183685 -1.714898
180.000000 -0.847165 -0.438463 -1.710567
181.000000 -0.443196 -0.512076 -1.670327
182.000000 -0.165424 -0.581248 -1.413569
183.000000 -0.847165 -0.438463 -1.912300
184.000000 -0.635104 -0.889466 -1.617941
185.000000 -1.020623 0.235455 -1.546753
186.000000 -0.998485 0.279202 -1.653118
187.000000 -1.041539 -0.012783 -1.520362
188.000000 -1.236417 -0.418937 -1.913990
189.000000 -1.255312 -1.054491 0.316339
190.000000 -1.466547 -1.730975 0.288406
191.000000 -1.020623 0.235455 -1.776642
192.000000 -0.767910 0.048475 -1.630123
193.000000 -0.636025 -0.224207 -1.713392
194.000000 -0.405370 -0.654898 -1.995360
195.000000 -1.020623 0.235455 -1.890552
196.000000 -1.231357 0.047043 -1.602146
197.000000 -1.450385 -0.032618 -1.512341
198.000000 -1.489512 -0.058794 -1.906643
199.000000 -1.709542 -0.258193 -1.801190
200.000000 -1.931706 -0.664392 -1.952624
201.000000 -2.360512 -0.915104 0.010479
202.000000 -1.489512 -0.058794 -1.662278
203.000000 -1.322538 -0.256288 -1.962569
204.000000 -0.928412 -0.462782 -1.491855
205.000000 -0.490028 -0.687343 -1.875176
206.000000 -1.489512 -0.058794 -1.721601
207.000000 -1.709542 -0.258193 -1.483762
208.000000 -2.123743 -0.654346 0.010416
209.000000 -2.572024 -1.093774 0.453684
210.000000 -1.450385 -0.032618 -1.979116
211.000000 -1.413582 0.203719 -1.865552
212.000000 -1.322538 0.139560 -1.898275
213.000000 -0.928412 0.344104 -1.633419
214.000000 -0.490028 0.363804 -1.648574
215.000000 -0.009222 0.394056 -1.859047
216.000000 -0.928412 0.344104 -1.879207
217.000000 -0.299735 0.366480 -1.525599
218.000000 0.201567 0.214646 -1.758925
219.000000 -1.322538 0.139560 -1.807353
220.000000 -0.928411 -0.027159 -1.747243
221.000000 -0.299735 -0.034281 -1.612768
222.000000 0.375935 0.144629 -1.490148
223.000000 -0.928411 -0.027159 -1.838696
224.000000 -0.490027 -0.033603 -1.716982
225.000000 -0.218069 -0.042296 -1.697037
226.000000 0.238252 -0.041149 -1.864262
227.000000 -0.490027 -0.033603 -1.806555
228.000000 0.170246 -0.235033 -1.764163
229.000000 -1.322538 0.139560 -1.530954
230.000000 -0.928412 0.344104 -1.763939
231.000000 -0.683956 0.557939 -1.974340
232.000000 -0.222080 0.607627 -1.621607
233.000000 -0.928412 0.344104 -1.598323
234.000000 -0.683956 0.557939 -1.467224
235.000000 -0.623867 0.598958 -1.829746
236.000000 -0.777966 0.632741 -1.778875
237.000000 -1.164023 0.650596 -1.761329
238.000000 -1.597986 0.660776 -1.761191
239.000000 -1.864243 0.863199 -1.945728
240.000000 -2.123372 1.086102 0.087219
241.000000 -1.597986 0.660776 -1.984400
242.000000 -2.059254 0.864163 0.449887
243.000000 -2.723398 0.895645 0.207109
244.000000 -1.597986 0.660776 -1.420401
245.000000 -2.251949 0.483561 0.310435
246.000000 -2.741286 0.088859 0.056009
247.000000 -3.422684 -0.345548 0.594142
248.000000 -4.299622 -0.993956 0.431001
249.000000 -5.402165 -1.849845 0.081916
250.000000 -1.597986 0.660776 -1.630445
251.000000 -2.021028 0.476146 0.207937
252.000000 -2.723398 0.465560 0.166261
253.000000 -1.597986 0.660776 -1.818353
254.000000 -2.251949 0.932682 0.557513
255.000000 -2.935773 0.886415 0.090079
256.000000 -1.164023 0.650596 -1.654737
257.000000 -1.597986 0.852187 -1.872492
258.000000 -1.788210 1.111058 0.342859
259.000000 -1.943800 1.327237 0.345365
260.000000 -1.597986 0.852187 -1.455258
261.000000 -2.251949 0.883433 0.062229
262.000000 -0.777966 0.632741 -1.525832
263.000000 -0.974501 0.648131 -1.656701
264.000000 -1.390154 0.849129 -1.493415
265.000000 -1.797074 1.105355 0.454986
266.000000 -2.303703 1.112665 0.497777
267.000000 -1.390154 0.849129 -1.734177
268.000000 -1.564387 0.876267 -1.757898
269.000000 -2.087961 0.900634 0.574563
270.000000 -2.739777 0.732662 0.499948
271.000000 -1.390154 0.849129 -1.506319
272.000000 -1.564386 1.106360 0.558347
273.000000 -1.701781 1.496634 0.217573
274.000000 -1.390154 0.849129 -1.489109
275.000000 -2.025319 0.879385 -1.887356
276.000000 -2.703530 1.095821 0.261111
277.000000 -0.777966 0.632741 -1.868950
278.000000 -0.753451 0.867881 -1.502311
279.000000 -0.683956 0.557939 -1.796530
280.000000 -0.409350 0.615285 -1.877784
281.000000 -0.928412 0.344104 -1.959375
282.000000 -0.490027 0.555838 -1.472398
283.000000 -1.322538 0.139560 -1.984521
284.000000 -1.119321 0.154694 -1.409002
285.000000 -1.085142 -0.030606 -1.943333
286.000000 -1.253840 -0.237828 -1.777454
287.000000 -1.265260 -0.660985 -1.571467
288.000000 -1.087572 -1.291592 0.113557
289.000000 -1.085142 -0.030606 -1.937660
290.000000 -0.867523 -0.050906 -1.408657
291.000000 -0.841380 -0.260902 -1.614705
292.000000 -0.821237 -0.481132 -1.699773
293.000000 -0.619870 -0.716011 -1.491922
294.000000 -0.560602 -0.992874 -1.472712
295.000000 -0.821237 -0.481132 -1.946211
296.000000 -0.815404 -0.715231 -1.678916
297.000000 -0.610936 -0.963056 -1.574961
298.000000 -0.841380 -0.260902 -1.828860
299.000000 -0.821237 -0.287462 -1.633120
300.000000 -1.008751 -0.120196 -1.875633
301.000000 -1.026806 0.082017 -1.661791
302.000000 -0.852492 0.116691 -1.672178
303.000000 -0.456060 0.331385 -1.443657
304.000000 0.173184 0.728722 -1.909167
305.000000 -0.852492 0.116691 -1.617258
306.000000 -0.456061 0.144143 -1.759647
307.000000 -0.017256 -0.036564 -1.738928
308.000000 0.643377 -0.240511 -1.771911
309.000000 -0.852492 0.116691 -1.790972
310.000000 -0.456060 0.331385 -1.507854
311.000000 -0.203966 0.556668 -1.775061
312.000000 -0.852492 0.116691 -1.983842
313.000000 -0.647373 -0.049174 -1.645640
314.000000 -0.613096 -0.059619 -1.881522
315.000000 -0.782266 0.109733 -1.833566
316.000000 -1.178145 0.305844 -1.511375
317.000000 -1.808474 0.340396 -1.526507
318.000000 -2.293479 0.548571 0.229740
319.000000 -2.786561 0.570177 0.380920
320.000000 -1.808474 0.340396 -1.726526
321.000000 -2.487334 0.169371 0.282675
322.000000 -3.308469 0.232444 0.227429
323.000000 -4.202889 0.436468 0.535160
324.000000 -5.139875 0.459679 0.104275
325.000000 -6.102777 0.465444 0.376941
326.000000 -2.487334 0.169371 0.269646
327.000000 -2.998727 -0.227476 0.498708
328.000000 -3.559546 -0.989039 0.085278
329.000000 -1.178145 0.305844 -1.735888
330.000000 -1.808474 0.523583 -1.935847
331.000000 -2.675845 0.748478 0.129567
332.000000 -0.613096 -0.059619 -1.656440
333.000000 -0.782266 0.109733 -1.818928
334.000000 -0.794372 0.502575 -1.628878
335.000000 -0.613116 0.936932 -1.878661
336.000000 -0.647373 -0.049174 -1.465859
337.000000 -0.418674 -0.253036 -1.609187
338.000000 -0.373984 -0.481767 -1.492464
339.000000 -0.506042 -0.563948 -1.825939
340.000000 -0.655840 -0.460469 -1.965372
341.000000 -0.632210 -0.514475 -1.792862
342.000000 -0.598207 -0.368338 -1.805978
343.000000 -0.547761 -0.021232 -1.774532
344.000000 -0.297295 0.166935 -1.432660
345.000000 -0.026419 0.554499 -1.515316
346.000000 -0.547761 -0.021232 -1.647412
347.000000 -0.685893 0.359637 -1.706782
348.000000 -1.033202 0.763676 -1.936975
349.000000 -1.225593 0.980842 -1.747055
350.000000 -1.423087 1.376751 0.185882
351.000000 -1.398707 1.979808 0.011080
352.000000 -0.685893 0.359637 -1.979290
353.000000 -0.842220 0.571461 -1.949422
354.000000 -1.016698 0.964847 -1.703434
355.000000 -1.163366 1.589154 0.332326
356.000000 -0.685893 0.359637 -1.639328
357.000000 -0.644107 0.767458 -1.774420
358.000000 -0.547761 -0.021232 -1.689893
359.000000 -0.685893 0.359637 -1.543278
360.000000 -0.842220 0.571461 -1.487576
361.000000 -1.209869 0.587578 -1.663204
362.000000 -1.604046 0.561847 -1.819965
363.000000 -1.823991 0.322278 -1.956127
364.000000 -1.839623 0.248519 -1.575681
365.000000 -1.819709 0.171193 -1.414923
366.000000 -1.969065 -0.084424 -1.553147
367.000000 -2.129926 -0.549098 0.442861
368.000000 -2.112010 -1.052152 0.072915
369.000000 -2.087807 -1.584997 0.333723
370.000000 -2.129926 -0.549098 0.030860
371.000000 -2.306837 -1.052429 0.138264
372.000000 -1.819709 0.171193 -1.750791
373.000000 -1.969065 0.107036 -1.582566
374.000000 -2.129926 0.238356 0.414540
375.000000 -2.306838 0.582828 0.159290
376.000000 -2.294396 1.153260 0.170446
377.000000 -1.969065 0.107036 -1.800968
378.000000 -1.935059 0.238464 -1.446957
379.000000 -2.092551 0.199047 0.228195
380.000000 -2.447851 0.160740 0.509311
381.000000 -2.838316 -0.083017 -1.462733
382.000000 -3.057214 -0.541130 0.488076
383.000000 -2.092551 0.199047 0.055332
384.000000 -2.061117 0.350190 0.542169
385.000000 -2.219527 0.317919 -1.831488
386.000000 -2.575164 0.282148 -1.939464
387.000000 -2.777741 0.429540 -1.726594
388.000000 -2.061117 0.350190 0.297335
389.000000 -2.219527 0.701042 -1.488305
390.000000 -2.575467 1.267046 0.479612
391.000000 -2.092551 0.199047 0.406341
392.000000 -2.256053 -0.033867 0.036703
393.000000 -2.433868 -0.106278 -1.493769
394.000000 -2.421748 -0.181770 -1.579056
395.000000 -2.200362 -0.246530 -1.657094
396.000000 -2.135613 -0.306629 -1.933180
397.000000 -1.869801 -0.559586 -1.647757
398.000000 -1.595599 -1.020571 0.543709
399.000000 -1.499975 -1.705800 0.534493
400.000000 -2.421748 -0.181770 -1.680112
401.000000 -2.200362 -0.434440 -1.810914
402.000000 -1.750687 -0.881366 -1.517908
403.000000 -1.450246 -1.177080 0.595155
404.000000 -1.334044 -1.666690 0.525911
405.000000 -1.750687 -0.881366 -1.465676
406.000000 -1.217968 -1.100211 0.542341
407.000000 -0.540020 -1.477710 0.172329
408.000000 -2.200362 -0.434440 -1.867761
409.000000 -1.941503 -0.891679 -1.876999
410.000000 -1.851277 -1.121337 0.556866
411.000000 -1.783005 -1.707848 0.091261
412.000000 -1.941503 -0.891679 -1.908246
413.000000 -1.618495 -1.350836 0.594639
414.000000 -1.169907 -2.100289 0.199523
415.000000 -2.200362 -0.434440 -1.647673
416.000000 -1.750686 -0.698377 -1.642511
417.000000 -0.991227 -0.722303 -1.830664
418.000000 -0.528163 -0.874547 -1.832497
419.000000 -2.200362 -0.434440 -1.601775
420.000000 -1.941503 -0.891679 -1.801570
421.000000 -1.852845 -1.351380 0.103637
422.000000 -2.200362 -0.434440 -1.403008
423.000000 -1.750686 -0.698377 -1.785822
424.000000 -1.450247 -0.713633 -1.508600
425.000000 -0.946404 -1.057724 0.185479
426.000000 -2.200362 -0.434440 -1.842794
427.000000 -1.941503 -0.702672 -1.498175
428.000000 -1.851278 -1.178202 0.147648
429.000000 -1.963802 -1.678054 0.089176
430.000000 -2.200362 -0.434440 -1.486466
431.000000 -1.903139 -0.664719 -1.929260
432.000000 -1.387424 -1.174109 0.086329
433.000000 -1.151655 -1.678403 0.049303
434.000000 -1.903139 -0.664719 -1.785985
435.000000 -1.387424 -1.174109 0.160216
436.000000 -0.957324 -1.485097 0.379623
437.000000 -1.903139 -0.664719 -1.606674
438.000000 -1.387424 -1.174109 0.339902
439.000000 -0.765745 -1.673469 0.264521
440.000000 -2.200362 -0.434440 -1.736508
441.000000 -1.903139 -0.891777 -1.669027
442.000000 -1.387424 -1.346828 0.478988
443.000000 -0.765745 -2.087816 0.439864
444.000000 -2.200362 -0.434440 -1.559488
445.000000 -1.675750 -0.659794 -1.613987
446.000000 -1.217967 -1.171922 0.452427
447.000000 -0.540019 -1.479169 0.074815
448.000000 -2.433868 -0.106278 -1.443550
449.000000 -2.810255 -0.371210 -1.609879
450.000000 -3.092159 -0.571559 0.035067
451.000000 -2.433868 -0.106278 -1.555978
452.000000 -2.616529 -0.375006 -1.976159
453.000000 -2.804281 -0.656314 -1.556973
454.000000 -2.256053 -0.033867 0.362468
455.000000 -2.238941 -0.487852 -1.427606
456.000000 -2.207982 -0.790918 -1.589517
457.000000 -1.965169 -0.911689 -1.798165
458.000000 -1.506158 -1.196423 0.038774
459.000000 -0.968651 -1.666645 0.286284
460.000000 -1.965169 -0.911689 -1.728120
461.000000 -1.697925 -0.814495 -1.404383
462.000000 -1.603673 -0.865943 -1.881439
463.000000 -1.327341 -0.719652 -1.664857
464.000000 -0.855177 -0.565494 -1.860557
465.000000 -0.158026 -0.397804 -1.934797
466.000000 -1.697925 -0.814495 -1.846116
467.000000 -1.139661 -0.640438 -1.709868
468.000000 -0.706914 -0.513713 -1.840788
469.000000 -0.176180 -0.534632 -1.681579
470.000000 -1.139661 -0.640438 -1.503153
471.000000 -0.515234 -0.702932 -1.903443
472.000000 -2.207982 -0.790918 -1.504259
473.000000 -2.170498 -1.111874 0.100091
474.000000 -2.238941 -0.487852 -1.840309
475.000000 -2.015503 -0.790870 -1.904386
476.000000 -1.564833 -1.104512 0.365551
477.000000 -1.069873 -1.407491 0.528207
478.000000 -2.238941 -0.487852 -1.862942
479.000000 -2.015504 -0.978904 -1.970279
480.000000 -1.573218 -1.688249 0.004598
481.000000 -2.256053 -0.033867 0.144716
482.000000 -2.238941 -0.107132 -1.772637
483.000000 -2.015503 -0.373638 -1.922397
484.000000 -1.564832 -0.457229 -1.836037
485.000000 -1.263801 -0.345005 -1.572470
486.000000 -0.683449 -0.161934 -1.500976
487.000000 -0.053331 -0.220840 -1.482472
488.000000 -1.263801 -0.345005 -1.635388
489.000000 -0.916282 -0.161191 -1.488977
490.000000 -0.460105 -0.030218 -1.792164
491.000000 -0.144839 0.147924 -1.595740
492.000000 -0.916282 -0.161191 -1.525208
493.000000 -0.460105 -0.030218 -1.882311
494.000000 0.242035 0.146506 -1.562582
495.000000 -2.015503 -0.373638 -1.906794
496.000000 -1.949872 -0.454875 -1.810948
497.000000 -1.878564 -0.532040 -1.878197
498.000000 -1.779581 -0.325744 -1.684671
499.000000 -1.760717 -0.246746 -1.946408
500.000000 -1.898638 0.119061 -1.690885
501.000000 -2.247889 0.507429 -1.929384
502.000000 -2.443031 1.109858 0.256023
503.000000 -1.898638 0.119061 -1.764386
504.000000 -1.862364 0.702584 -1.926796
505.000000 -1.632430 1.132367 0.067631
506.000000 -1.371171 1.570520 0.070038
507.000000 -1.862364 0.702584 -1.932693
508.000000 -1.825722 1.132352 0.171659
509.000000 -1.790921 1.391443 0.164063
510.000000 -1.861630 1.539333 -1.605590
511.000000 -1.825722 1.132352 0.159542
512.000000 -1.790921 1.391443 0.174743
513.000000 -1.862364 0.702584 -1.915115
514.000000 -1.825722 1.515586 0.111887
515.000000 -1.760717 -0.246746 -1.935887
516.000000 -1.510081 -0.072060 -1.670200
517.000000 -1.241242 0.303034 -1.876546
518.000000 -0.953178 0.505468 -1.897745
519.000000 -0.464201 0.708685 -1.440218
520.000000 -1.241242 0.303034 -1.791455
521.000000 -1.147532 0.888490 -1.645151
522.000000 -1.067325 1.702690 0.198088
523.000000 -1.760717 -0.246746 -1.577997
524.000000 -1.704788 0.122377 -1.649923
525.000000 -1.454574 0.515846 -1.988979
526.000000 -1.380355 1.124164 0.208297
527.000000 -1.111560 1.949201 0.057811
528.000000 -1.704788 0.122377 -1.498854
529.000000 -1.843140 0.704276 -1.575950
530.000000 -1.807012 1.328731 0.110255
531.000000 -1.760717 -0.246746 -1.722415
532.000000 -1.510081 0.119648 -1.563928
533.000000 -1.241242 0.510953 -1.491267
534.000000 -0.953178 0.924553 -1.947406
535.000000 -0.464200 1.536657 0.245863
536.000000 -1.510081 0.119648 -1.721979
537.000000 -1.241243 0.317878 -1.914628
538.000000 -0.953177 0.326360 -1.760933
539.000000 -0.464201 0.495181 -1.902980
540.000000 0.046371 0.661525 -1.467246
541.000000 -1.241243 0.317878 -1.825906
542.000000 -1.147532 0.519848 -1.833378
543.000000 -1.258633 0.897087 -1.996854
544.000000 -1.596900 1.469321 0.072838
545.000000 -1.981161 2.081308 0.315074
546.000000 -1.510081 0.119648 -1.653967
547.000000 -1.241243 0.317878 -1.911572
548.000000 -0.759061 0.330558 -1.857091
549.000000 -0.446310 0.311372 -1.942542
550.000000 -0.323985 0.270388 -1.734050
551.000000 -0.159583 0.486556 -1.956956
552.000000 -0.446310 0.311372 -1.820644
553.000000 0.065818 0.463647 -1.609872
554.000000 -0.759061 0.330558 -1.895750
555.000000 -0.446310 0.311372 -1.890784
556.000000 0.082780 0.286752 -1.438368
557.000000 -0.759061 0.330558 -1.998142
558.000000 -0.446310 0.311372 -1.867928
559.000000 0.086370 0.098522 -1.984243
560.000000 -0.759061 0.330558 -1.771473
561.000000 -0.446310 0.311372 -1.554503
562.000000 -0.302341 0.480469 -1.629614
563.000000 -0.759061 0.330558 -1.740740
564.000000 -0.446310 0.311372 -1.617394
565.000000 -0.323985 0.270388 -1.627708
566.000000 -0.395976 0.434750 -1.873656
567.000000 -0.573259 0.922777 -1.438264
568.000000 -0.759061 0.330558 -1.488738
569.000000 -0.446310 0.123227 -1.516400
570.000000 -0.323985 -0.308078 -1.693139
571.000000 -0.413648 -0.794892 -1.705644
572.000000 -0.446310 0.123227 -1.665159
573.000000 -0.131715 -0.131438 -1.819466
574.000000 -0.000809 -0.240352 -1.837933
575.000000 -0.446310 0.123227 -1.531072
576.000000 -0.323985 -0.308078 -1.802388
577.000000 -0.039756 -0.795937 -1.476613
578.000000 -0.446310 0.123227 -1.942754
579.000000 -0.131715 0.061610 -1.540938
580.000000 0.373101 -0.190650 -1.539719
581.000000 -0.446310 0.123227 -1.891894
582.000000 -0.131715 0.061610 -1.436033
583.000000 -0.018157 -0.198566 -1.857992
584.000000 -0.446310 0.123227 -1.905950
585.000000 -0.093511 -0.094206 -1.446888
586.000000 0.171061 -0.603567 -1.728929
587.000000 -0.446310 0.123227 -1.620823
588.000000 -0.093511 -0.094206 -1.599857
589.000000 0.171824 -0.412008 -1.953924
590.000000 -0.446310 0.123227 -1.790173
591.000000 -0.093511 -0.094206 -1.712758
592.000000 0.366691 -0.218824 -1.716465
593.000000 -0.759061 0.330558 -1.696211
594.000000 -0.059700 0.134079 -1.721425
595.000000 -1.510081 0.119648 -1.977077
596.000000 -1.049050 0.506778 -1.716360
597.000000 -0.359300 0.914952 -1.524460
598.000000 -1.760717 -0.246746 -1.648211
599.000000 -1.898638 0.119061 -1.610877
600.000000 -1.862364 0.318189 -1.841912
601.000000 -1.825722 0.713569 -1.988905
602.000000 -1.776351 1.308847 0.288618
603.000000 -1.916852 1.747043 0.595672
604.000000 -1.862364 0.318189 -1.873538
605.000000 -1.632431 0.520990 -1.857011
606.000000 -1.565422 0.712213 -1.756109
607.000000 -1.686795 0.712244 -1.922759
608.000000 -1.645507 0.877707 -1.711342
609.000000 -1.413679 1.233688 0.463064
610.000000 -1.333475 1.635142 0.529693
611.000000 -1.645507 0.877707 -1.796161
612.000000 -1.607153 0.852864 -1.446965
613.000000 -1.751499 0.634192 -1.915549
614.000000 -1.717176 0.185250 -1.510684
615.000000 -1.487965 -0.111682 -1.414313
616.000000 -1.421175 -0.608196 -1.841292
617.000000 -1.542612 -0.924469 -1.709938
618.000000 -1.695765 -1.046051 0.473991
619.000000 -2.064243 -1.324311 0.560392
620.000000 -1.421175 -0.608196 -1.905370
621.000000 -1.350210 -0.922909 -1.852632
622.000000 -1.095435 -1.425925 0.203573
623.000000 -1.487965 -0.111682 -1.516241
624.000000 -1.035698 -0.419013 -1.643695
625.000000 -0.350294 -0.716559 -1.827102
626.000000 -1.751499 0.634192 -1.823006
627.000000 -1.911971 0.568535 -1.757208
628.000000 -1.894985 0.308099 -1.742916
629.000000 -1.672668 0.042674 -1.860788
630.000000 -1.608555 -0.045090 -1.963560
631.000000 -1.343885 -0.312569 -1.740554
632.000000 -0.878149 -0.766047 -1.558083
633.000000 -0.377965 -1.061046 0.176563
634.000000 -1.608555 -0.045090 -1.870128
635.000000 -1.343885 0.072004 -1.806398
636.000000 -1.070979 0.224479 -1.573524
637.000000 -0.588177 0.210537 -1.749241
638.000000 -0.080029 0.187720 -1.618791
639.000000 -1.343885 0.072004 -1.501137
640.000000 -1.265521 0.033529 -1.705097
641.000000 -0.996288 0.191487 -1.927503
642.000000 -0.916314 0.550569 -1.972393
643.000000 -0.646568 1.134758 0.015075
644.000000 -1.265521 0.033529 -1.729059
645.000000 -0.996288 -0.002497 -1.513756
646.000000 -0.528757 0.142925 -1.546220
647.000000 0.163432 0.112284 -1.478368
648.000000 -1.343885 0.072004 -1.460920
649.000000 -1.070979 0.031265 -1.951885
650.000000 -0.782417 -0.195933 -1.710647
651.000000 -0.488641 -0.644542 -1.783621
652.000000 -1.343885 0.072004 -1.779122
653.000000 -1.070979 0.224479 -1.672128
654.000000 -0.976707 0.211971 -1.877635
655.000000 -0.897145 -0.005248 -1.788713
656.000000 -0.834640 -0.065870 -1.941565
657.000000 -0.583122 -0.322921 -1.877927
658.000000 -0.314921 -0.778278 -1.788465
659.000000 -0.897145 -0.005248 -1.849840
660.000000 -0.834639 -0.259616 -1.406547
661.000000 -0.971611 -0.724054 -1.580240
662.000000 -1.130705 -1.028829 0.027625
663.000000 -1.104665 -1.535769 0.517241
664.000000 -0.971611 -0.724054 -1.673640
665.000000 -0.934500 -1.224963 0.007783
666.000000 -0.834639 -0.259616 -1.957533
667.000000 -0.583122 -0.537301 -1.588042
668.000000 -0.314358 -0.823029 -1.593373
669.000000 -0.834639 -0.259616 -1.670550
670.000000 -0.777921 -0.537442 -1.514495
671.000000 -0.915838 -1.012650 0.557993
672.000000 -1.235174 -1.721431 0.530135
673.000000 -0.834639 -0.259616 -1.826356
674.000000 -0.739640 -0.730801 -1.497814
675.000000 -0.723151 -1.419276 0.368047
676.000000 -0.897145 -0.005248 -1.770648
677.000000 -0.639684 -0.447189 -1.692640
678.000000 -0.101507 -0.888518 -1.821245
679.000000 -1.070979 0.224479 -1.747172
680.000000 -0.976707 0.403261 -1.850932
681.000000 -0.702196 0.782269 -1.888875
682.000000 -1.070979 0.224479 -1.443135
683.000000 -0.976707 0.211971 -1.619544
684.000000 -1.088370 0.005800 -1.972947
685.000000 -1.238139 -0.051351 -1.759329
686.000000 -1.141233 -0.071595 -1.565266
687.000000 -1.185847 -0.349790 -1.988175
688.000000 -1.137975 -0.606701 -1.427552
689.000000 -1.278670 -1.069296 0.468671
690.000000 -1.242802 -1.753509 0.347494
691.000000 -1.141233 -0.071595 -1.565388
692.000000 -1.380379 0.036641 -1.581342
693.000000 -1.351812 0.396214 -1.471713
694.000000 -1.512253 0.603191 -1.983340
695.000000 -1.677776 0.814381 -1.901365
696.000000 -1.662392 0.824055 -1.785190
697.000000 -1.633062 0.811548 -1.558745
698.000000 -1.780345 0.971972 -1.522707
699.000000 -1.746809 1.144625 0.303504
700.000000 -1.918173 1.347695 0.422799
701.000000 -1.780345 0.971972 -1.630414
702.000000 -1.942219 1.144887 0.460475
703.000000 -1.947992 1.548728 0.585564
704.000000 -1.633062 0.811548 -1.586372
705.000000 -1.586016 0.778721 -1.522580
706.000000 -1.533077 0.545722 -1.602453
707.000000 -1.283531 0.290897 -1.650448
708.000000 -1.209182 0.017865 -1.476539
709.000000 -1.134964 -0.069518 -1.495076
710.000000 -1.073194 -0.333088 -1.997520
711.000000 -0.820865 -0.405459 -1.710779
712.000000 -0.551330 -0.471693 -1.757368
713.000000 -0.260358 -0.331345 -1.823514
714.000000 0.109576 -0.239781 -1.713122
715.000000 -0.551330 -0.471693 -1.541948
716.000000 -0.068399 -0.714601 -1.761898
717.000000 -0.820865 -0.405459 -1.968898
718.000000 -0.359071 -0.474548 -1.999705
719.000000 0.154116 -0.349905 -1.673500
720.000000 -1.073194 -0.333088 -1.780145
721.000000 -1.015634 -0.598668 -1.721164
722.000000 -0.959491 -0.876860 -1.589067
723.000000 -0.897477 -1.359089 0.574991
724.000000 -1.015634 -0.598668 -1.877158
725.000000 -0.959491 -0.682295 -1.468043
726.000000 -1.097699 -0.942067 -1.485778
727.000000 -1.447000 -1.386499 0.031757
728.000000 -1.632959 -1.883337 0.330519
729.000000 -0.959491 -0.682295 -1.425604
730.000000 -1.097699 -0.942067 -1.933778
731.000000 -1.053979 -1.407205 0.103054
732.000000 -0.959491 -0.682295 -1.489639
733.000000 -0.865533 -0.483591 -1.754912
734.000000 -1.042202 -0.399750 -1.570694
735.000000 -1.391572 -0.031448 -1.523106
736.000000 -1.970155 0.361429 -1.482078
737.000000 -2.784024 0.592087 -1.652376
738.000000 -1.042202 -0.399750 -1.552621
739.000000 -1.391572 -0.031448 -1.670347
740.000000 -1.780881 0.174376 -1.555576
741.000000 -2.195095 0.574995 -1.860888
742.000000 -2.617798 1.176717 0.485434
743.000000 -1.391572 -0.031448 -1.694177
744.000000 -1.780882 0.365830 -1.980339
745.000000 -2.000089 0.784731 -1.961215
746.000000 -2.020084 1.214730 0.492794
747.000000 -1.780882 0.365830 -1.637709
748.000000 -2.387922 0.785243 -1.575676
749.000000 -2.829434 1.016741 0.421768
750.000000 -1.780882 0.365830 -1.430477
751.000000 -2.000089 0.784731 -1.636543
752.000000 -2.208989 1.404911 0.517606
753.000000 -1.391572 -0.031448 -1.747508
754.000000 -1.586705 0.367518 -1.515824
755.000000 -1.787130 0.788194 -1.951883
756.000000 -1.782554 1.407343 0.399464
757.000000 -1.586705 0.367518 -1.604165
758.000000 -1.593531 0.976739 -1.735688
759.000000 -1.571199 1.801239 0.429403
760.000000 -1.042202 -0.399750 -1.446671
761.000000 -1.200731 -0.216265 -1.901032
762.000000 -1.378021 -0.024072 -1.409505
763.000000 -1.755352 -0.017616 -1.612609
764.000000 -2.345693 0.157283 -1.846316
765.000000 -2.782558 0.141122 -1.659234
766.000000 -3.294914 0.248568 0.503788
767.000000 -3.438944 0.713311 0.399043
768.000000 -2.345693 0.157283 -1.950228
769.000000 -2.782559 0.527207 -1.421078
770.000000 -1.378021 -0.024072 -1.691889
771.000000 -1.561683 -0.022576 -1.547422
772.000000 -1.747493 -0.040772 -1.446882
773.000000 -2.127890 -0.264733 -1.500292
774.000000 -2.333921 -0.327590 -1.747714
775.000000 -2.539532 -0.196205 -1.979769
776.000000 -2.732379 0.157293 -1.486629
777.000000 -2.733409 0.558223 -1.772032
778.000000 -2.333921 -0.327590 -1.580567
779.000000 -2.539532 -0.196205 -1.431837
780.000000 -2.927276 -0.225843 -1.567120
781.000000 -3.136579 -0.102686 0.348075
782.000000 -3.153577 0.002956 0.350770
783.000000 -3.108271 0.335661 -1.647509
784.000000 -3.136579 -0.102686 0.453641
785.000000 -3.542562 0.006888 0.185086
786.000000 -3.755700 0.320075 -1.889363
787.000000 -3.771225 0.653691 -1.767255
788.000000 -3.939677 1.018594 0.164014
789.000000 -3.976361 1.323600 0.414602
790.000000 -3.755700 0.320075 -1.680853
791.000000 -3.770844 0.840812 -1.945899
792.000000 -2.927276 -0.225843 -1.744926
793.000000 -3.134667 -0.655284 0.442932
794.000000 -2.539532 -0.196205 -1.567397
795.000000 -2.927276 -0.225843 -1.895883
796.000000 -3.333040 -0.451825 0.216412
797.000000 -3.609903 -1.051075 0.139373
798.000000 -2.539532 -0.196205 -1.637078
799.000000 -2.732379 -0.227624 -1.947600
800.000000 -2.726389 -0.062803 -1.406539
801.000000 -2.894832 -0.081942 -1.918704
802.000000 -2.868156 -0.108532 -1.414406
803.000000 -3.034917 -0.356858 0.322435
804.000000 -2.726389 -0.062803 -1.789507
805.000000 -2.508319 0.106331 -1.722432
806.000000 -2.060958 0.476291 -1.487008
807.000000 -1.762451 0.872535 -1.655880
808.000000 -1.260401 1.481827 0.240959
809.000000 -2.726389 -0.062803 -1.765344
810.000000 -2.508319 -0.081633 -1.908144
811.000000 -2.060958 -0.283811 -1.703151
812.000000 -1.378315 -0.696207 -1.541805
813.000000 -0.458356 -0.963338 -1.712250
814.000000 -2.508319 -0.081633 -1.743095
815.000000 -2.251692 -0.103605 -1.836570
816.000000 -2.163345 -0.138555 -1.904741
817.000000 -2.086171 0.013332 -1.409344
818.000000 -2.218211 -0.006709 -1.441860
819.000000 -2.566413 -0.210127 -1.797372
820.000000 -3.100871 -0.305976 0.162976
821.000000 -3.655469 -0.438900 0.328367
822.000000 -4.070828 -0.531037 0.060114
823.000000 -4.494079 -0.600583 0.461814
824.000000 -4.907732 -0.662421 -1.781798
825.000000 -5.123576 -0.913446 0.290689
826.000000 -5.326838 -1.189600 0.551745
827.000000 -4.907732 -0.662421 -1.408020
828.000000 -5.512168 -0.910951 0.010277
829.000000 -3.655469 -0.438900 0.351768
830.000000 -4.264662 -0.724062 0.277963
831.000000 -5.094232 -0.815923 0.052380
832.000000 -5.954251 -0.709609 0.191252
833.000000 -4.264662 -0.724062 0.025715
834.000000 -5.094232 -1.004958 0.532185
835.000000 -5.759324 -1.300286 0.229668
836.000000 -3.655469 -0.438900 0.541591
837.000000 -4.453125 -0.720956 0.023580
838.000000 -5.488851 -0.816411 0.081552
839.000000 -6.584540 -1.083017 0.425254
840.000000 -3.100871 -0.305976 0.357935
841.000000 -3.655469 -0.367943 0.525750
842.000000 -4.264663 -0.345260 0.294236
843.000000 -4.706548 -0.018974 0.176623
844.000000 -4.946301 0.158937 -1.577940
845.000000 -4.960340 0.536595 -1.508373
846.000000 -5.124599 0.731737 0.442374
847.000000 -5.283014 1.117481 0.324810
848.000000 -4.960340 0.536595 -1.449157
849.000000 -5.124599 0.731737 0.575190
850.000000 -5.480143 0.745279 0.561190
851.000000 -4.946301 0.158937 -1.487334
852.000000 -4.885369 0.608364 -1.623148
853.000000 -4.740325 0.732954 -1.530116
854.000000 -4.667352 0.735982 -1.986331
855.000000 -4.585302 0.701979 -1.854490
856.000000 -4.706304 0.838011 -1.810096
857.000000 -5.041345 0.982660 0.062304
858.000000 -5.430578 0.964562 0.397281
859.000000 -4.706304 0.838011 -1.547138
860.000000 -5.041343 0.796983 0.371307
861.000000 -5.606611 0.937486 0.114740
862.000000 -4.585302 0.701979 -1.793749
863.000000 -4.242016 0.683915 -1.745182
864.000000 -3.842671 0.582603 -1.633392
865.000000 -3.330528 0.709321 -1.900584
866.000000 -4.585302 0.701979 -1.931817
867.000000 -4.706306 0.684277 -1.986203
868.000000 -4.656099 0.776475 -1.433563
869.000000 -4.413049 1.107597 0.261820
870.000000 -3.947581 1.283566 0.221343
871.000000 -4.585302 0.701979 -1.500493
872.000000 -4.474484 0.452175 -1.983704
873.000000 -4.637205 0.368941 -1.592757
874.000000 -4.588175 0.282763 -1.503942
875.000000 -4.538983 0.208858 -1.511553
876.000000 -4.671351 -0.050901 -1.532433
877.000000 -5.010599 -0.141117 0.146805
878.000000 -5.577698 -0.048620 0.170705
879.000000 -5.996941 0.080366 -1.491959
880.000000 -6.108294 0.542276 0.223954
881.000000 -5.577698 -0.048620 0.082961
882.000000 -6.185503 0.083629 0.477411
883.000000 -6.796900 0.068988 0.197712
884.000000 -7.418508 0.234935 0.320182
885.000000 -8.236991 0.404405 0.596159
886.000000 -9.267412 0.400780 0.346206
887.000000 -5.577698 -0.048620 0.014261
888.000000 -5.996941 0.080366 -1.729411
889.000000 -6.144035 0.341756 0.556385
890.000000 -6.254064 0.626701 0.058275
891.000000 -5.577698 -0.048620 0.174136
892.000000 -5.996943 -0.112962 -1.826957
893.000000 -6.607961 0.009735 0.315889
894.000000 -7.420350 0.323462 0.036449
895.000000 -8.074900 0.674900 0.258529
896.000000 -8.540205 0.858907 0.358025
897.000000 -7.420350 0.323462 0.252241
898.000000 -8.269192 0.861567 0.306396
899.000000 -8.946874 1.632866 0.164932
900.000000 -5.996943 -0.112962 -1.599540
901.000000 -6.422695 0.015012 0.509562
902.000000 -7.032595 -0.040770 0.132558
903.000000 -7.850248 -0.099801 0.062426
904.000000 -8.706671 -0.174831 0.379695
905.000000 -9.392626 -0.446065 0.180868
906.000000 -7.032595 -0.040770 0.206735
907.000000 -7.659160 -0.104113 0.116253
908.000000 -8.108433 -0.180370 0.103517
909.000000 -8.352430 -0.260176 0.085538
910.000000 -8.560505 -0.533470 -1.608555
911.000000 -8.750876 -0.835387 -1.791984
912.000000 -8.352430 -0.260176 0.052988
913.000000 -8.369568 -0.527250 -1.570570
914.000000 -8.538897 -0.625334 -1.760145
915.000000 -8.724029 -0.940699 -1.492644
916.000000 -8.369568 -0.527250 -1.495283
917.000000 -8.153846 -0.993508 -1.821758
918.000000 -7.697922 -1.306488 0.429981
919.000000 -6.969170 -1.779943 0.168788
920.000000 -8.352430 -0.260176 0.138879
921.000000 -8.560505 -0.533470 -1.736619
922.000000 -8.563931 -0.840111 -1.829603
923.000000 -8.352430 -0.260176 0.209825
924.000000 -8.369570 -0.341514 -1.716451
925.000000 -8.342567 -0.231367 -1.761837
926.000000 -8.093771 0.083577 -1.873064
927.000000 -7.625635 0.243763 -1.687156
928.000000 -6.925644 0.230677 -1.840925
929.000000 -5.989487 0.191772 -1.471210
930.000000 -5.535214 0.657551 -1.524557
931.000000 -5.234965 1.298430 0.349913
932.000000 -6.925644 0.230677 -1.966376
933.000000 -5.989487 0.191772 -1.800430
934.000000 -5.154976 0.655772 -1.594618
935.000000 -4.081785 1.125447 0.446374
936.000000 -2.770324 1.426827 0.076496
937.000000 -7.625635 0.243763 -1.979118
938.000000 -6.925644 0.230677 -1.949212
939.000000 -6.179657 0.185896 -1.648625
940.000000 -5.575049 0.096233 -1.806017
941.000000 -4.810138 0.023321 -1.846171
942.000000 -4.022199 0.121932 -1.535938
943.000000 -3.408175 0.422204 -1.435869
944.000000 -2.998575 0.568404 -1.752725
945.000000 -4.022199 0.121932 -1.806406
946.000000 -3.175474 0.499817 -1.453643
947.000000 -5.575049 0.096233 -1.933914
948.000000 -5.004210 0.021281 -1.413766
949.000000 -4.623090 -0.263549 -1.484509
950.000000 -4.222830 -0.542884 -1.735849
951.000000 -3.917246 -0.916298 -1.442321
952.000000 -3.773445 -1.447376 0.395482
953.000000 -4.623090 -0.263549 -1.761503
954.000000 -3.989997 -0.313775 -1.744853
955.000000 -3.703089 -0.510875 -1.512212
956.000000 -3.151879 -0.816429 -1.447433
957.000000 -4.623090 -0.263549 -1.983040
958.000000 -4.451892 -0.537910 -1.699513
959.000000 -4.320242 -0.715990 -1.565994
960.000000 -4.406211 -0.657620 -1.976518
961.000000 -4.521119 -0.562464 -1.792024
962.000000 -4.462537 -0.635983 -1.538006
963.000000 -4.199881 -0.902801 -1.425046
964.000000 -4.095863 -1.395683 0.182955
965.000000 -4.406211 -0.657620 -1.440299
966.000000 -4.711297 -0.751825 -1.928700
967.000000 -5.248300 -0.656670 -1.498853
968.000000 -6.021627 -0.372719 -1.485506
969.000000 -6.004506 -1.097862 0.211618
970.000000 -4.711297 -0.751825 -1.968983
971.000000 -5.059283 -0.653159 -1.866536
972.000000 -5.625911 -0.544066 -1.724674
973.000000 -6.105700 -0.566070 -1.933037
974.000000 -4.406211 -0.657620 -1.554773
975.000000 -4.711298 -0.567066 -1.411153
976.000000 -5.248301 -0.636545 -1.866822
977.000000 -5.639007 -0.915991 -1.940258
978.000000 -4.320242 -0.715990 -1.839182
979.000000 -4.213379 -0.651290 -1.663254
980.000000 -3.920120 -0.744032 -1.544345
981.000000 -3.417497 -0.830043 -1.978718
982.000000 -4.213379 -0.651290 -1.619808
983.000000 -4.114963 -0.359851 -1.861403
984.000000 -4.019398 -0.024029 -1.680213
985.000000 -3.730092 0.146536 -1.741628
986.000000 -3.230313 0.125454 -1.934045
987.000000 -2.549676 -0.054456 -1.813758
988.000000 -1.647075 -0.252774 -1.944714
989.000000 -0.508396 -0.293655 -1.938039
990.000000 0.868598 -0.330134 -1.874870
991.000000 -3.730092 0.146536 -1.494802
992.000000 -3.616963 0.118131 -1.666449
993.000000 -3.309325 0.048866 -1.927279
994.000000 -2.803545 -0.037281 -1.577085
995.000000 -2.270649 -0.121438 -1.773163
996.000000 -1.517744 -0.019752 -1.799735
997.000000 -0.546554 0.094938 -1.868976
998.000000 0.656111 0.228150 -1.723268
999.000000 -2.803545 -0.037281 -1.703853
1000.000000 -2.265211 -0.318265 -1.888706
1001.000000 -1.702556 -0.429052 -1.976814
1002.000000 -0.937304 -0.541268 -1.690371
1003.000000 -0.150766 -0.640894 -1.808623
1004.000000 -2.265211 -0.318265 -1.686622
1005.000000 -1.508641 -0.807881 -1.624146
1006.000000 -0.919736 -1.525707 0.525464
1007.000000 -3.616963 0.118131 -1.753563
1008.000000 -3.696443 0.055421 -1.958936
1009.000000 -3.809213 -0.224255 -1.771446
1010.000000 -4.137771 -0.528627 -1.993290
1011.000000 -4.494562 -1.047777 0.200286
1012.000000 -4.686305 -1.775258 0.346664
1013.000000 -4.683779 -2.711587 0.141955
1014.000000 -4.647658 -3.502068 0.009168
1015.000000 -4.392497 -4.301634 0.246036
1016.000000 -4.304786 -5.090332 0.479905
1017.000000 -4.683779 -2.711587 0.381288
1018.000000 -4.456693 -3.868179 0.171321
1019.000000 -4.379547 -4.885299 0.214631
1020.000000 -4.494562 -1.047777 0.551711
1021.000000 -4.872634 -1.595133 0.390237
1022.000000 -5.523078 -1.897892 0.355820
1023.000000 -4.137771 -0.528627 -1.674853
1024.000000 -4.494562 -0.664233 -1.572727
1025.000000 -5.065650 -0.599705 -1.683427
1026.000000 -5.664402 -0.309716 -1.959341
1027.000000 -6.089089 0.023952 -1.769385
1028.000000 -6.688778 0.587281 -1.883300
1029.000000 -7.060395 1.214039 0.590377
1030.000000 -7.197719 1.518533 0.464853
1031.000000 -6.825406 1.501598 0.266192
1032.000000 -7.060395 1.214039 0.549230
1033.000000 -7.197719 1.518533 0.084922
1034.000000 -6.821557 1.621370 0.447724
1035.000000 -7.060395 1.214039 0.559325
1036.000000 -6.931221 1.360453 0.096833
1037.000000 -6.688778 0.587281 -1.502634
1038.000000 -7.483740 1.359381 0.508151
1039.000000 -8.313530 2.361961 4.390020
1040.000000 -9.166334 3.601373 4.386234
1041.000000 -5.664402 -0.309716 -1.905466
1042.000000 -6.471962 0.199952 -1.936312
1043.000000 -7.116642 0.951845 -1.960649
1044.000000 -7.721045 1.911067 0.189453
1045.000000 -8.418446 3.008231 4.023537
1046.000000 -9.339545 4.354386 4.307637
1047.000000 -9.431823 4.693005 4.159811
1048.000000 -8.606877 4.100557 4.351228
1049.000000 -7.756340 3.658592 8.011167
1050.000000 -7.083648 3.214487 28.586023
1051.000000 -6.616639 2.594882 32.183361
1052.000000 -6.377081 1.779475 32.173279
1053.000000 -7.756340 3.658592 8.001662
1054.000000 -6.619497 3.024368 28.334089
1055.000000 -5.804274 2.570559 28.316458
1056.000000 -4.922698 2.112737 28.286230
1057.000000 -4.054227 1.473952 28.249210
1058.000000 -9.431823 4.693005 4.125864
1059.000000 -8.782665 4.080917 4.520015
1060.000000 -8.329037 3.250023 6.376936
1061.000000 -7.860308 2.639208 8.391259
1062.000000 -7.487487 2.066550 8.326344
1063.000000 -6.888408 1.597880 8.538645
1064.000000 -9.339545 4.354386 4.341174
1065.000000 -9.431823 4.693005 4.253505
1066.000000 -8.933456 4.233486 4.086556
1067.000000 -8.281751 3.581201 6.062347
1068.000000 -7.363260 2.949300 8.560061
1069.000000 -6.551054 2.014517 12.146397
1070.000000 -5.573516 1.024191 12.195387
1071.000000 -9.339545 4.354386 4.375871
1072.000000 -9.275488 4.731269 4.183127
1073.000000 -8.469359 4.368701 4.452859
1074.000000 -7.721045 1.911067 0.425026
1075.000000 -8.207271 2.996003 4.596674
1076.000000 -8.905651 3.965880 4.058804
1077.000000 -7.116642 0.951845 -1.782645
1078.000000 -7.352668 1.753389 0.292761
1079.000000 -7.259674 2.256773 0.567320
1080.000000 -7.165813 3.032255 4.585382
1081.000000 -7.258277 3.644934 24.262621
1082.000000 -7.368137 4.257440 24.409689
1083.000000 -7.292937 4.851228 24.394724
1084.000000 -6.881904 5.202697 24.412682
1085.000000 -6.403507 5.725772 24.262119
1086.000000 -5.802944 6.056142 24.242517
1087.000000 -7.368137 4.257440 24.095779
1088.000000 -7.689082 5.050873 24.365025
1089.000000 -7.998352 5.897403 24.106058
1090.000000 -8.209588 6.685725 24.241352
1091.000000 -8.371002 7.711770 24.388567
1092.000000 -7.165813 3.032255 4.465202
1093.000000 -6.869681 4.022993 24.076551
1094.000000 -6.360382 5.049033 24.091919
1095.000000 -7.352668 1.753389 0.101299
1096.000000 -7.081685 2.077541 0.067453
1097.000000 -6.978254 2.454817 4.476285
1098.000000 -6.672194 2.821149 4.351934
1099.000000 -6.164467 3.374711 4.527073
1100.000000 -5.816415 4.137640 4.350227
1101.000000 -6.978254 2.454817 4.227576
1102.000000 -6.867204 2.628824 4.571957
1103.000000 -6.959655 2.596245 2.048872
1104.000000 -6.881067 2.708882 2.221205
1105.000000 -6.997562 3.084714 4.409775
1106.000000 -7.313140 3.524730 24.505135
1107.000000 -7.853981 4.076222 24.097509
1108.000000 -8.245986 4.461102 24.444683
1109.000000 -6.997562 3.084714 4.119664
1110.000000 -6.926508 3.534454 24.028585
1111.000000 -6.658088 3.904702 22.544415
1112.000000 -6.881067 2.708882 2.331113
1113.000000 -6.997562 3.084714 4.097699
1114.000000 -6.926507 3.343967 24.274847
1115.000000 -6.851154 3.698770 22.585529
1116.000000 -6.955854 3.871208 22.228865
1117.000000 -7.020405 4.271112 24.400131
1118.000000 -6.851154 3.698770 22.327671
1119.000000 -6.944315 4.073639 24.365677
1120.000000 -6.926507 3.343967 24.454851
1121.000000 -7.045704 3.891426 24.438335
1122.000000 -7.154708 4.481094 24.074045
1123.000000 -6.597846 4.380687 24.473087
1124.000000 -7.045704 3.891426 24.193718
1125.000000 -7.159837 4.282844 24.445892
1126.000000 -6.915907 4.398838 24.516542
1127.000000 -7.045704 3.891426 24.584414
1128.000000 -7.228594 4.542022 24.517363
1129.000000 -7.207160 4.644811 24.159378
1130.000000 -7.109870 4.440003 22.051399
1131.000000 -7.228594 4.542022 24.358454
1132.000000 -6.718828 4.490778 24.121935
1133.000000 -7.045704 3.891426 24.421930
1134.000000 -7.154708 4.481094 24.036875
1135.000000 -6.926507 3.343967 24.474928
1136.000000 -6.851154 3.505167 22.588840
1137.000000 -6.759782 3.850144 22.498306
1138.000000 -6.997562 3.084714 4.090076
1139.000000 -7.121428 3.343670 24.030952
1140.000000 -7.065105 3.505156 24.545422
1141.000000 -6.995076 3.465206 22.559055
1142.000000 -7.101746 3.203061 22.523607
1143.000000 -7.413731 3.084013 22.293003
1144.000000 -7.763590 2.958523 22.508350
1145.000000 -8.330584 3.032827 24.096533
1146.000000 -8.926324 2.937706 24.104319
1147.000000 -9.734078 2.842102 24.084290
1148.000000 -10.374479 2.730646 24.510384
1149.000000 -11.211256 2.810530 24.225456
1150.000000 -11.860951 2.714363 24.410133
1151.000000 -12.157569 2.645172 24.208376
1152.000000 -12.102898 2.394719 24.432917
1153.000000 -11.860951 2.714363 24.112318
1154.000000 -12.415758 2.333255 24.288786
1155.000000 -12.884885 1.654132 24.284502
1156.000000 -11.211256 2.810530 24.581177
1157.000000 -12.246959 3.090849 24.587999
1158.000000 -13.505488 3.224113 28.168646
1159.000000 -14.809225 3.550672 48.221058
1160.000000 -15.533582 4.301327 48.250637
1161.000000 -10.374479 2.730646 24.114534
1162.000000 -11.016721 2.811358 24.255459
1163.000000 -11.452653 2.907645 24.584305
1164.000000 -11.674141 3.021623 24.062057
1165.000000 -11.665503 3.327718 24.080387
1166.000000 -11.819216 3.670608 22.523489
1167.000000 -11.674141 3.021623 24.388321
1168.000000 -12.046618 3.339356 24.234695
1169.000000 -11.016721 2.811358 24.549274
1170.000000 -11.647014 3.101536 24.386003
1171.000000 -12.268470 3.625011 24.387522
1172.000000 -9.734078 2.842102 24.411469
1173.000000 -10.374493 2.924742 24.463451
1174.000000 -10.823329 3.208933 24.423241
1175.000000 -11.050317 3.707348 24.405769
1176.000000 -11.429013 4.061990 24.491158
1177.000000 -10.823329 3.208933 24.133329
1178.000000 -10.975292 3.560995 24.322311
1179.000000 -11.044582 3.678036 24.050444
1180.000000 -11.189219 4.016584 24.447069
1181.000000 -10.823329 3.208933 24.053484
1182.000000 -10.975292 3.560995 24.105986
1183.000000 -11.235028 4.057181 24.522125
1184.000000 -10.823329 3.208933 24.462440
1185.000000 -11.203285 3.336877 24.150110
1186.000000 -11.442639 3.663748 24.030619
1187.000000 -11.425880 4.180686 24.475962
1188.000000 -10.374493 2.924742 24.277931
1189.000000 -10.823327 3.021064 24.153259
1190.000000 -10.975290 3.172247 24.583244
1191.000000 -11.235026 3.062297 24.222353
1192.000000 -11.586809 2.973419 24.549250
1193.000000 -12.119348 2.659693 24.164047
1194.000000 -12.622784 2.065805 24.367847
1195.000000 -11.235026 3.062297 24.270538
1196.000000 -11.354006 3.242174 24.079163
1197.000000 -11.346142 3.269922 22.014450
1198.000000 -11.278344 3.194026 22.374344
1199.000000 -10.996056 2.916392 22.043182
1200.000000 -10.882805 2.600762 22.541567
1201.000000 -10.959853 2.075179 22.496737
1202.000000 -11.259258 1.522715 24.459461
1203.000000 -10.996056 2.916392 22.279865
1204.000000 -10.421649 2.428871 22.081062
1205.000000 -9.766382 2.076683 22.508347
1206.000000 -9.183712 1.721045 24.025249
1207.000000 -10.996056 2.916392 22.023363
1208.000000 -10.650075 2.639076 22.172764
1209.000000 -10.165092 2.261833 22.151617
1210.000000 -9.615992 2.107407 22.284386
1211.000000 -10.996056 2.916392 22.535622
1212.000000 -10.650075 2.639076 22.476070
1213.000000 -10.359112 2.068587 22.275431
1214.000000 -9.827850 1.507946 24.273424
1215.000000 -10.996056 2.916392 22.501606
1216.000000 -10.650075 2.639076 22.001112
1217.000000 -10.553512 2.454478 22.036646
1218.000000 -10.431252 2.125003 22.533310
1219.000000 -10.325404 1.790902 24.338091
1220.000000 -10.030329 1.252402 24.118769
1221.000000 -10.431252 2.125003 22.219429
1222.000000 -10.130385 1.790870 24.395317
1223.000000 -9.816517 1.252358 24.196894
1224.000000 -10.431252 2.125003 22.213888
1225.000000 -10.518659 1.983732 24.230606
1226.000000 -10.822480 1.660496 24.115671
1227.000000 -10.989441 1.503934 22.303699
1228.000000 -10.518659 1.983732 24.269009
1229.000000 -10.822480 1.660496 24.253859
1230.000000 -10.973872 1.325439 22.172211
1231.000000 -10.518659 1.983732 24.546736
1232.000000 -10.822480 1.660496 24.254065
1233.000000 -11.357087 1.332890 24.208937
1234.000000 -10.431252 2.125003 22.271559
1235.000000 -10.287149 1.828501 24.512339
1236.000000 -10.215917 1.434495 24.445072
1237.000000 -10.431252 2.125003 22.475542
1238.000000 -10.287149 1.828501 24.596056
1239.000000 -10.030331 1.443649 24.179697
1240.000000 -10.431252 2.125003 22.022890
1241.000000 -10.287149 1.828501 24.374649
1242.000000 -10.022087 1.628169 24.579014
1243.000000 -10.431252 2.125003 22.229351
1244.000000 -10.054515 1.603579 24.390553
1245.000000 -10.553512 2.454478 22.364666
1246.000000 -10.236399 2.318277 22.233873
1247.000000 -10.111136 2.464653 22.121603
1248.000000 -10.183800 2.670495 22.239742
1249.000000 -10.291676 2.991589 22.148075
1250.000000 -10.615900 3.338758 22.304235
1251.000000 -11.158794 3.878897 22.057978
1252.000000 -11.744415 4.631588 24.505266
1253.000000 -10.183800 2.670495 22.519871
1254.000000 -10.291676 2.991589 22.195391
1255.000000 -10.227994 3.338403 22.434999
1256.000000 -10.348046 3.887652 22.157188
1257.000000 -10.274786 4.460172 24.318184
1258.000000 -9.640897 4.872310 24.198645
1259.000000 -10.291676 2.991589 22.591419
1260.000000 -10.615898 3.149890 22.508734
1261.000000 -10.968567 3.485662 22.488445
1262.000000 -11.342589 3.827671 22.572855
1263.000000 -10.615898 3.149890 22.331947
1264.000000 -10.774041 3.100477 22.073225
1265.000000 -11.128691 3.210974 22.341862
1266.000000 -11.491249 3.123278 22.151491
1267.000000 -11.868723 3.220030 22.440208
1268.000000 -12.241057 3.358944 24.408339
1269.000000 -12.227079 3.512548 24.265198
1270.000000 -11.868723 3.220030 22.567738
1271.000000 -12.152739 3.618859 24.359426
1272.000000 -10.774041 3.100477 22.353851
1273.000000 -10.934152 2.828922 22.565310
1274.000000 -11.276608 2.328397 24.106758
1275.000000 -11.440259 1.585243 24.505079
1276.000000 -10.774041 3.100477 22.337658
1277.000000 -11.128687 3.055974 22.475000
1278.000000 -11.296336 3.104749 22.063931
1279.000000 -11.266776 3.010181 22.165541
1280.000000 -11.013305 3.103798 22.498070
1281.000000 -10.910748 3.010775 22.125998
1282.000000 -10.800321 2.910562 22.139477
1283.000000 -10.504918 2.605394 22.083588
1284.000000 -10.194204 2.470120 22.436396
1285.000000 -9.865279 2.333813 22.092094
1286.000000 -9.335768 2.017648 22.025826
1287.000000 -10.194204 2.470120 22.030197
1288.000000 -9.671126 2.522285 22.152544
1289.000000 -8.974710 2.733457 22.172020
1290.000000 -8.555426 2.488856 22.425991
1291.000000 -7.860065 2.303795 26.578747
1292.000000 -7.311088 1.936953 26.139938
1293.000000 -6.752833 1.360555 28.356760
1294.000000 -8.974710 2.733457 22.260420
1295.000000 -8.754307 2.295275 22.053192
1296.000000 -9.671126 2.522285 22.115618
1297.000000 -8.939712 2.591763 22.344307
1298.000000 -9.061751 1.983966 24.309723
1299.000000 -10.194204 2.470120 22.168461
1300.000000 -10.059613 2.334140 22.220348
1301.000000 -10.130157 2.395858 22.277750
1302.000000 -10.044268 2.483291 22.485664
1303.000000 -10.157574 2.783425 22.177006
1304.000000 -10.084939 3.109597 22.559906
1305.000000 -10.203041 3.265710 22.523119
1306.000000 -10.326872 3.599823 22.557339
1307.000000 -10.658270 3.748466 22.446848
1308.000000 -11.014792 3.887153 22.359339
1309.000000 -11.401320 3.829729 22.445137
1310.000000 -10.326872 3.599823 22.375935
1311.000000 -10.269996 3.745141 22.541697
1312.000000 -10.393749 3.695787 22.592255
1313.000000 -10.711583 3.430604 22.463108
1314.000000 -11.063238 3.114956 22.040869
1315.000000 -11.242907 2.774661 24.065067
1316.000000 -11.411636 2.620383 24.056898
1317.000000 -11.369671 2.288626 22.123751
1318.000000 -11.520657 2.127067 22.331718
1319.000000 -11.411636 2.620383 24.320581
1320.000000 -11.369518 2.669018 22.180927
1321.000000 -11.497698 2.755896 22.588810
1322.000000 -11.816579 2.679610 22.125782
1323.000000 -12.159410 2.548136 24.353594
1324.000000 -12.434374 2.102638 24.262695
1325.000000 -11.497698 2.755896 22.499462
1326.000000 -11.429334 2.867449 22.540558
1327.000000 -11.548509 2.796780 22.257376
1328.000000 -11.477268 2.704969 22.431831
1329.000000 -11.595422 2.791408 22.280174
1330.000000 -11.718807 2.890466 22.232460
1331.000000 -11.856249 3.006627 22.567686
1332.000000 -12.192183 2.939602 24.489916
1333.000000 -12.549887 2.661392 24.250118
1334.000000 -12.731875 2.536698 26.258148
1335.000000 -12.901672 2.600492 26.272562
1336.000000 -13.054379 2.885177 28.319767
1337.000000 -13.201395 3.018429 28.573158
1338.000000 -13.540459 2.971706 26.343260
1339.000000 -13.704216 2.888299 26.432215
1340.000000 -14.061835 2.596599 32.057205
1341.000000 -14.426355 2.273581 32.351128
1342.000000 -14.610544 1.930382 32.422405
1343.000000 -14.061835 2.596599 32.362591
1344.000000 -14.426355 2.466840 32.336025
