0.000000 0.000000 0.000000
1.000000 -0.038292 0.962128
2.000000 -0.038292 0.962128
3.000000 -0.038292 1.156474
4.000000 -0.038292 1.156474
5.000000 -0.038292 1.175851
6.000000 -0.232181 1.008208
7.000000 -0.038292 1.388817
8.000000 -0.637011 1.259807
9.000000 0.156388 1.415461
10.000000 0.175211 1.631601
11.000000 -1.891883 0.556130
12.000000 0.388656 1.852509
13.000000 0.608525 1.894570
14.000000 0.649111 2.114852
15.000000 0.483551 2.520447
16.000000 0.279811 2.735452
17.000000 0.051710 2.487622
18.000000 -13.139344 -0.100071
19.000000 -0.378289 2.399490
20.000000 -1.021930 2.121123
21.000000 -1.895665 2.019381
22.000000 -1.895665 2.019381
23.000000 -2.622406 1.924618
24.000000 -3.550926 1.653516
25.000000 -3.550925 2.036883
26.000000 -4.680973 2.354102
27.000000 -5.847530 2.901083
28.000000 -7.037931 3.494845
29.000000 -8.236458 4.116621
30.000000 -9.437723 4.747736
31.000000 -9.175970 4.294623
32.000000 -8.509191 3.818754
33.000000 -7.862616 3.131479
34.000000 -7.427958 2.421116
35.000000 -7.020054 1.687420
36.000000 -6.437987 1.140631
37.000000 -6.437987 1.140631
38.000000 -5.651634 0.606836
39.000000 -5.023898 -0.099257
40.000000 -4.829742 0.284281
41.000000 -3.982679 0.178588
42.000000 -3.982679 0.178588
43.000000 -3.321404 -0.077879
44.000000 -2.868390 -0.511279
45.000000 -2.868390 -0.511279
46.000000 -2.260113 -1.172965
47.000000 -2.719774 -2.054683
48.000000 -3.039244 -2.480387
49.000000 -3.530071 -1.815063
50.000000 -3.838255 -1.324722
51.000000 -4.338151 -0.860869
52.000000 -4.844134 -0.227255
53.000000 -5.364460 0.611639
54.000000 -5.364460 0.611639
55.000000 -5.694856 1.292838
56.000000 -6.202738 1.789867
57.000000 -6.202739 2.173551
58.000000 -6.903660 3.246902
59.000000 -6.903660 3.246902
60.000000 -7.638022 4.164411
61.000000 -8.200287 4.495872
62.000000 -8.558918 3.868317
63.000000 -8.558918 3.868317
64.000000 -9.076428 3.540037
65.000000 -9.728251 3.058482
66.000000 -9.393595 3.056175
67.000000 -9.509760 2.579959
68.000000 -9.785868 1.901447
69.000000 -10.249432 1.201097
70.000000 -10.249432 1.201097
71.000000 -10.744444 0.670882
72.000000 -11.454698 -0.034895
73.000000 -11.066735 0.154780
74.000000 -12.272993 -0.373543
75.000000 -11.185197 -0.157013
76.000000 -11.268298 -0.637409
77.000000 -13.574427 -0.705613
78.000000 -11.132394 -0.546952
79.000000 -10.969621 -0.100852
80.000000 -10.979015 0.400176
81.000000 -10.979015 0.400176
82.000000 -11.000903 0.725107
83.000000 -11.232397 0.852222
84.000000 -11.232395 1.038532
85.000000 -12.358963 1.059725
86.000000 -11.680186 1.521259
87.000000 -12.169851 2.208252
88.000000 -12.772840 0.895055
89.000000 -12.490006 2.484255
90.000000 -12.994587 1.802875
91.000000 -13.694528 0.944773
92.000000 -13.436054 0.242231
93.000000 -13.154670 -0.650221
94.000000 -13.073494 -0.200926
95.000000 -13.714507 -0.710687
96.000000 -12.834039 0.368800
97.000000 -12.405213 0.735200
98.000000 -12.141080 0.884652
99.000000 -12.141080 0.884652
100.000000 -12.065878 1.181613
101.000000 -12.212581 1.286589
102.000000 -12.212582 1.471368
103.000000 -13.208187 1.508217
104.000000 -12.592132 1.953990
105.000000 -12.825743 2.269720
106.000000 -13.213804 1.478114
107.000000 -12.873219 2.729880
108.000000 -12.700915 2.359210
109.000000 -12.296627 2.175065
110.000000 -12.040158 1.996704
111.000000 -11.579848 1.831867
112.000000 -11.304825 1.481319
113.000000 -12.700497 -0.622326
114.000000 -10.838559 1.302130
115.000000 -10.173882 1.123557
116.000000 -9.670199 0.959328
117.000000 -9.670199 0.959328
118.000000 -8.966866 0.605177
119.000000 -8.255575 0.233968
120.000000 -7.723020 -0.344553
121.000000 -7.205206 -0.953449
122.000000 -6.897682 -1.767704
123.000000 -6.421716 -2.616109
124.000000 -6.141573 -2.298569
125.000000 -5.869087 -1.716100
126.000000 -5.611434 -0.931923
127.000000 -5.164022 -0.130456
128.000000 -4.699677 0.882887
129.000000 -4.699677 0.882887
130.000000 -4.410895 2.110280
131.000000 -3.940932 3.569167
132.000000 -3.275386 4.393867
133.000000 -2.771977 3.270956
134.000000 -2.264298 2.489360
135.000000 -1.767665 1.946059
136.000000 -1.468528 1.259962
137.000000 -1.468528 1.259962
138.000000 -0.996100 0.387228
139.000000 -0.718109 -0.699328
140.000000 -0.718109 -0.699328
141.000000 -0.785014 0.490854
142.000000 -0.252316 -0.049710
143.000000 0.217846 0.827641
144.000000 0.069107 2.323791
145.000000 0.702247 1.698838
146.000000 1.385958 2.735300
147.000000 1.488751 1.944579
148.000000 0.870992 1.430277
149.000000 0.434804 0.748668
150.000000 -0.193410 0.262732
151.000000 -10.764826 -0.516758
152.000000 -1.019618 -0.217946
153.000000 -1.881058 -0.493046
154.000000 -2.570950 -0.935735
155.000000 -2.570950 -0.935735
156.000000 -3.057375 -1.185228
157.000000 -3.702749 -1.619926
158.000000 -3.702749 -1.619926
159.000000 -5.589133 -2.542384
160.000000 -4.535280 -2.243560
161.000000 -5.204699 -2.536683
162.000000 -5.876923 -2.052154
163.000000 -6.731802 -1.739697
164.000000 -6.731802 -1.739697
165.000000 -7.602787 -1.649243
166.000000 -8.491272 -1.408289
167.000000 -9.385692 -1.366337
168.000000 -9.411033 -1.140074
169.000000 -8.696918 -0.910640
170.000000 -8.095213 -0.473806
171.000000 -7.298965 -0.013498
172.000000 -7.298965 -0.013498
173.000000 -6.303371 0.277118
174.000000 -5.468392 0.365579
175.000000 -5.083083 0.375950
176.000000 -3.128380 -0.107712
177.000000 -3.819456 0.628239
178.000000 -2.334294 1.063804
179.000000 -1.015716 1.719873
180.000000 0.113335 2.599409
181.000000 0.113335 2.599409
182.000000 1.210202 2.180089
183.000000 1.482447 1.407983
184.000000 1.482447 1.588363
185.000000 -0.350905 -0.135503
186.000000 0.829019 1.202013
187.000000 0.458447 0.645561
188.000000 -2.921407 0.265260
189.000000 -0.075917 0.284209
190.000000 -0.798932 0.114909
191.000000 -1.553817 0.169492
192.000000 -1.553817 0.169492
193.000000 -2.331112 0.458493
194.000000 -3.309657 0.792549
195.000000 -4.116312 0.960879
196.000000 -4.116312 0.960879
197.000000 -4.923264 1.314155
198.000000 -5.911944 1.479808
199.000000 -5.523380 1.477973
200.000000 -7.258108 1.200001
201.000000 -6.295171 1.446990
202.000000 -7.065880 1.377781
203.000000 -8.042095 1.288238
204.000000 -9.042657 0.997008
205.000000 -9.868311 0.682222
206.000000 -10.489441 0.350620
207.000000 -10.489441 0.350620
208.000000 -11.269095 0.205632
209.000000 -12.235773 -0.112675
210.000000 -12.235774 0.075561
211.000000 -13.102697 -0.712886
212.000000 -13.039298 -0.230772
213.000000 -13.684373 -0.740134
214.000000 -12.937192 -0.728672
215.000000 -13.169449 -0.427049
216.000000 -12.670631 -0.148756
217.000000 -11.994347 0.298254
218.000000 -11.499799 0.756393
219.000000 -11.007678 1.422796
220.000000 -10.333822 1.920757
221.000000 -12.750515 0.667013
222.000000 -9.453290 2.423004
223.000000 -8.536283 3.105506
224.000000 -7.788246 3.803454
225.000000 -7.788246 3.803454
226.000000 -7.051607 4.710859
227.000000 -6.524257 4.150609
228.000000 -6.330990 4.060678
229.000000 -5.809505 3.511348
230.000000 -5.310017 2.987657
231.000000 -5.022980 2.473808
232.000000 -5.022980 2.473808
233.000000 -4.568339 1.960636
234.000000 -4.309764 1.259325
235.000000 -3.921828 1.449834
236.000000 -3.244716 1.132213
237.000000 -3.244716 1.132213
238.000000 -2.350139 0.831430
239.000000 -1.623561 0.358788
240.000000 -1.429216 0.357542
241.000000 -0.135977 -0.472392
242.000000 -0.292225 -0.128191
243.000000 1.062301 -0.706082
244.000000 -2.359607 -0.416124
245.000000 1.233464 -0.306041
246.000000 0.353329 0.136328
247.000000 -0.236528 0.759770
248.000000 -0.979204 1.208296
249.000000 -1.714612 1.462298
250.000000 -2.265235 1.683133
251.000000 -6.183170 -0.770425
252.000000 -2.995097 1.882966
253.000000 -3.726506 1.880879
254.000000 -4.470810 1.855333
255.000000 -4.470810 1.855333
256.000000 -5.219479 1.617824
257.000000 -6.163458 1.169576
258.000000 -6.163458 1.355921
259.000000 -8.703601 0.216423
260.000000 -6.933337 1.069605
261.000000 -7.897419 0.779231
262.000000 -8.673610 0.291463
263.000000 -9.252344 -0.022815
264.000000 -9.252344 -0.022815
265.000000 -9.992454 -0.145007
266.000000 -10.920462 -0.425901
267.000000 -10.533036 -0.428523
268.000000 -12.183565 -0.464770
269.000000 -11.260242 -0.514248
270.000000 -11.991651 -0.592392
271.000000 -12.436415 -0.739656
272.000000 -12.736799 -0.655160
273.000000 -13.486603 -0.712762
274.000000 -13.556098 -0.739445
275.000000 -13.229293 -0.744663
276.000000 -12.903030 -0.606606
277.000000 -12.589338 -0.646340
278.000000 -13.484787 -0.749906
279.000000 -12.085139 -0.692853
280.000000 -11.758224 -0.566661
281.000000 -11.624280 -0.359899
282.000000 -11.624280 -0.359899
283.000000 -11.523754 -0.143526
284.000000 -11.639056 -0.110291
285.000000 -11.639056 -0.110291
286.000000 -12.538325 -0.657789
287.000000 -11.972839 -0.094383
288.000000 -12.538324 -0.278378
289.000000 -12.683717 -0.605296
290.000000 -13.151331 -0.681801
291.000000 -13.599524 -0.500051
292.000000 -13.155764 -0.422275
293.000000 -12.561150 -0.591195
294.000000 -12.167262 -0.635787
