5925 0 -1.615635 0.963704
5925 0 -1.615635 0.963704
5925 0 -1.615635 1.000000
5925 0 -1.615635 1.036296
5925 0 -1.615635 1.000000
5925 0 -1.615635 0.963704
5925 0 -1.578484 0.962404
5925 0 -1.615635 1.000000
5925 0 -1.540443 1.038065
5925 0 -1.578484 0.962404
5925 0 -1.540443 0.961935
5925 0 -1.615635 1.036296
5925 0 -1.615635 1.036296
5925 0 -1.615635 0.963704
5925 0 -1.578484 0.962404
5925 0 -1.578484 1.037596
5925 0 -1.578484 1.037596
5900 0 -1.780094 1.037381
5900 0 -1.780094 0.962620
5900 0 -1.818078 1.155548
5900 0 -2.050628 1.037495
5900 0 -1.856436 0.961878
5900 0 -1.780094 1.037381
5900 0 -2.202960 1.037467
5900 0 -1.856435 0.844300
5900 0 -2.050628 0.771468
5900 0 -2.165009 1.000000
5900 0 -1.780094 0.962620
5900 0 -2.050628 0.845681
5900 0 -2.239943 1.036091
5900 0 -1.818078 0.844452
5900 0 -1.856435 0.844300
5900 0 -2.202960 1.185541
5900 0 -1.818079 0.961829
5850 0 -2.494241 0.614605
5850 0 -2.513286 0.324304
5850 0 -1.855487 0.803808
5850 0 -2.551614 1.231097
5850 0 -2.931517 0.560615
5850 0 -3.357458 0.594045
5850 0 -3.969597 2.216853
5850 0 -2.088292 1.633287
5850 0 -1.740519 0.538546
5850 0 -3.931235 0.383954
5850 0 -2.551615 1.367235
5850 0 -2.862809 0.773524
5850 0 -3.375031 1.210017
5850 0 -3.499834 1.778062
5850 0 -2.088292 0.328607
5850 0 -3.608336 1.846068
5850 0 -2.669988 1.077617
5650 5 -7.115523 1.052715
5650 5 -6.961639 1.433352
5650 5 -7.348635 1.401135
5650 5 -7.348633 1.014680
5650 5 -6.999685 1.019853
5650 5 -6.924479 1.095516
5650 5 -7.310296 1.014444
5650 5 -6.961640 1.245624
5650 5 -6.924479 1.245625
5650 5 -7.192028 1.439038
5650 5 -6.924478 1.467603
5650 5 -7.310295 1.207478
5650 5 -7.310295 1.207478
5650 5 -7.192029 1.476356
5650 5 -6.924480 1.281934
5650 5 -7.348633 1.476568
5650 5 -7.115523 1.052715
5625 5 -8.002169 1.052255
5625 5 -7.845418 1.439421
5625 5 -8.195408 1.094450
5625 5 -7.845420 1.804900
5625 5 -7.845422 1.420957
5625 5 -7.845422 1.420957
5625 5 -8.270802 1.833518
5625 5 -8.078712 1.015638
5625 5 -8.270801 1.209686
5625 5 -8.233517 1.208452
5625 5 -7.422802 1.284320
