0.000000 0.000000 0.000000 0.000000
1.000000 -1.038292 0.962128 0.282206
2.000000 -1.232181 1.153885 0.407080
3.000000 -1.637011 1.545328 0.366202
4.000000 -1.637011 1.545328 0.266286
5.000000 -1.637011 1.545328 0.444142
6.000000 -1.637011 1.545328 0.420821
7.000000 -1.637011 1.545328 0.564064
8.000000 -1.637011 1.545328 0.001184
9.000000 -1.637011 1.545328 0.495466
10.000000 -1.637011 1.545328 0.168232
11.000000 -1.637011 1.545328 0.406632
12.000000 -1.637011 1.545328 0.490460
13.000000 -1.637011 1.545328 0.330240
14.000000 -1.637011 1.545328 0.091398
15.000000 -1.637011 1.545328 0.510264
16.000000 -1.887584 1.979210 -1.412797
17.000000 -1.637011 1.545328 0.500847
18.000000 -1.887584 1.785968 -1.526383
19.000000 -1.637011 1.545328 0.412419
20.000000 -2.081760 1.785925 0.059365
21.000000 -1.637011 1.545328 0.028573
22.000000 -2.081760 1.977148 0.596118
23.000000 -1.637011 1.545328 0.157368
24.000000 -1.887584 1.785968 -1.532734
25.000000 -1.637011 1.545328 0.211983
26.000000 -2.081760 2.165090 0.147169
27.000000 -1.637011 1.545328 0.591111
28.000000 -2.271036 2.152189 0.269607
29.000000 -1.637011 1.545328 0.033456
30.000000 -1.887584 1.785968 -1.574721
31.000000 -1.637011 1.545328 0.085315
32.000000 -1.887584 1.785968 -1.595945
33.000000 -1.949845 1.845110 -1.609991
34.000000 -1.791514 1.878835 -1.820776
35.000000 -1.400900 1.890900 -1.512331
36.000000 -0.964128 1.894730 0.572946
37.000000 -0.693169 1.705923 0.497589
38.000000 -0.624071 1.684994 -1.502197
39.000000 -0.781156 1.663118 -1.989757
40.000000 -1.637011 1.545328 0.270821
41.000000 -2.271035 1.971804 0.338178
42.000000 -2.757722 2.230460 0.239278
43.000000 -3.057907 2.481031 0.070464
44.000000 -3.523976 2.715899 0.234940
45.000000 -3.792013 2.943583 -1.634380
46.000000 -4.052590 3.364339 0.071680
47.000000 -4.492075 3.803285 0.366888
48.000000 -4.751548 4.066485 0.185197
49.000000 -1.637011 1.545328 0.265443
50.000000 -2.081760 1.785925 0.585761
51.000000 -2.744236 1.846451 0.399987
52.000000 -3.625866 1.878027 0.029117
53.000000 -4.356339 2.077586 0.256373
54.000000 -5.092960 2.483357 0.371058
55.000000 -6.013481 2.924238 0.116548
56.000000 -6.950545 3.389146 0.189464
57.000000 -7.710282 3.669698 0.274307
58.000000 -1.637011 1.545328 0.089592
59.000000 -2.271035 1.971804 0.220704
60.000000 -2.951655 2.423605 0.038045
61.000000 -3.464214 2.691403 0.336962
62.000000 -4.161686 2.944075 0.517975
63.000000 -4.667778 3.176382 0.062639
64.000000 -5.168424 3.404185 0.071904
65.000000 -5.654436 3.436391 0.425854
66.000000 -6.329607 3.640933 0.140120
67.000000 -1.637011 1.545328 0.092050
68.000000 -2.271035 1.971804 0.523928
69.000000 -2.951655 2.614167 0.481743
70.000000 -3.659224 2.286539 0.543723
71.000000 -4.569551 1.705961 0.523678
72.000000 -5.693815 0.949147 20.567394
73.000000 -7.048270 -0.015979 20.332424
74.000000 -8.449683 -1.216574 20.185862
75.000000 -8.449683 -1.216574 20.160200
76.000000 -8.449683 -1.216574 20.382504
77.000000 -8.449683 -1.216574 20.584471
78.000000 -8.449683 -1.216574 20.519733
79.000000 -8.449683 -1.216574 20.038956
80.000000 -8.449683 -1.216574 20.380640
81.000000 -8.449683 -1.216574 20.395651
82.000000 -8.449683 -1.216574 20.436340
83.000000 -8.449683 -1.216574 20.319790
84.000000 -8.449683 -1.216574 20.556278
85.000000 -8.449683 -1.216574 20.101332
86.000000 -8.449683 -1.216574 20.260550
87.000000 -9.878161 -2.464435 20.011320
88.000000 -8.449683 -1.216574 20.019407
89.000000 -9.683150 -2.464736 20.505186
90.000000 -8.449683 -1.216574 20.003826
91.000000 -10.070869 -2.458848 20.448984
92.000000 -8.449683 -1.216574 20.038193
93.000000 -9.878161 -2.464435 20.210958
94.000000 -8.449683 -1.216574 20.505024
95.000000 -9.878160 -2.271303 20.556177
96.000000 -8.449683 -1.216574 20.062553
97.000000 -9.683150 -2.272187 20.408672
98.000000 -8.449683 -1.216574 20.495518
99.000000 -9.878161 -2.464435 20.575829
100.000000 -8.449683 -1.216574 20.549940
101.000000 -9.683150 -2.652013 20.002857
102.000000 -8.449683 -1.216574 20.335264
103.000000 -9.878161 -2.464435 20.569963
104.000000 -11.315878 -2.053708 20.258493
105.000000 -12.950496 -1.177451 40.582287
106.000000 -14.797064 -0.310058 44.369930
107.000000 -16.873165 0.366956 44.080414
108.000000 -18.995989 1.207045 44.314621
109.000000 -18.995989 1.207045 44.119686
110.000000 -18.995989 1.207045 44.187996
111.000000 -18.995989 1.207045 44.170883
112.000000 -18.995989 1.207045 44.223030
113.000000 -18.995989 1.207045 44.471096
114.000000 -18.995989 1.207045 44.057713
115.000000 -18.995989 1.207045 44.540710
116.000000 -18.995989 1.207045 44.293377
117.000000 -18.995989 1.207045 44.223423
118.000000 -18.995989 1.207045 44.429691
119.000000 -18.995989 1.207045 44.108612
120.000000 -18.995989 1.207045 44.077255
121.000000 -20.950779 1.857365 44.298115
122.000000 -18.995989 1.207045 44.163231
123.000000 -20.950785 2.242569 44.155609
124.000000 -18.995989 1.207045 44.450691
125.000000 -21.338509 1.861597 44.250237
126.000000 -18.995989 1.207045 44.218857
127.000000 -21.145790 2.051019 44.224346
128.000000 -18.995989 1.207045 44.284286
129.000000 -20.950779 1.857365 44.427490
130.000000 -18.995989 1.207045 44.592937
131.000000 -21.338509 1.861597 44.012276
132.000000 -18.995989 1.207045 44.569767
133.000000 -21.338509 1.861597 44.178204
134.000000 -18.995989 1.207045 44.576832
135.000000 -21.338509 1.861597 44.395920
136.000000 -18.995989 1.207045 44.253944
137.000000 -20.950779 1.857365 44.182823
138.000000 -22.703220 2.693133 44.069157
139.000000 -24.615063 3.725044 44.444370
140.000000 -26.326733 4.613386 44.437340
141.000000 -27.837437 3.705284 44.486946
142.000000 -28.915930 3.951983 44.382896
143.000000 -29.131216 4.377557 44.347809
144.000000 -29.483929 3.348609 44.261860
145.000000 -18.995989 1.207045 44.353924
146.000000 -21.338505 2.050252 44.170902
147.000000 -23.516270 2.904258 44.089989
148.000000 -25.696384 3.957658 44.169846
149.000000 -27.864780 4.571985 44.573193
150.000000 -30.223263 3.739257 44.054226
151.000000 -32.600483 2.699984 44.265831
152.000000 -35.189175 1.816546 44.239502
153.000000 -37.609909 0.734836 44.535156
154.000000 -18.995989 1.207045 44.568352
155.000000 -21.338509 1.861597 44.424850
156.000000 -23.900887 2.327411 44.209793
157.000000 -26.695431 2.759837 44.275375
158.000000 -28.435822 3.894051 44.359871
159.000000 -28.976633 3.447186 44.477028
160.000000 -29.000404 4.515213 44.123981
161.000000 -29.008673 3.976809 44.315689
162.000000 -29.192989 3.265885 44.349731
163.000000 -18.995989 1.207045 44.203590
164.000000 -21.145790 2.051019 44.138180
165.000000 -23.109957 2.906914 44.211487
166.000000 -24.866201 3.767056 44.543510
167.000000 -26.779617 4.437088 44.576530
168.000000 -28.879656 4.645420 44.056469
169.000000 -31.010834 4.270852 44.310028
170.000000 -33.164192 3.986707 44.504120
171.000000 -35.518719 3.524075 44.216782
172.000000 -18.995989 1.207045 44.584927
173.000000 -21.338505 2.050252 44.254524
174.000000 -23.710762 2.712575 44.446583
175.000000 -26.104780 3.552254 44.416119
176.000000 -28.699831 4.583447 44.437477
177.000000 -31.122906 4.197026 44.561333
178.000000 -33.740795 3.662491 44.004791
179.000000 -36.365952 3.154634 44.115101
180.000000 -39.005821 2.662186 44.184059
181.000000 -18.995989 1.207045 44.089504
182.000000 -20.950785 2.242569 44.039425
183.000000 -22.703224 3.490269 44.400566
184.000000 -24.229876 4.588427 44.247845
185.000000 -25.712767 3.981242 44.424194
186.000000 -27.362249 3.019076 44.141167
187.000000 -29.137251 2.470454 64.128792
188.000000 -31.291683 2.998332 64.254875
189.000000 -33.221077 3.748448 64.203003
190.000000 -33.221077 3.748448 64.555687
191.000000 -33.221077 3.748448 64.140335
192.000000 -33.221077 3.748448 64.143890
193.000000 -33.221077 3.748448 64.214577
194.000000 -33.221077 3.748448 64.045547
195.000000 -33.221077 3.748448 64.343575
196.000000 -33.221077 3.748448 64.427162
197.000000 -33.221077 3.748448 64.560181
198.000000 -33.221077 3.748448 64.122200
199.000000 -33.221077 3.748448 64.229889
200.000000 -33.221077 3.748448 64.185104
201.000000 -33.221077 3.748448 64.339302
202.000000 -35.351845 4.708653 64.101952
203.000000 -33.221077 3.748448 64.253716
204.000000 -34.963676 4.705359 64.198257
205.000000 -33.221077 3.748448 64.453400
206.000000 -35.351849 4.325310 64.182648
207.000000 -33.221077 3.748448 64.313011
208.000000 -35.157372 4.322503 64.043686
209.000000 -33.221077 3.748448 64.390068
210.000000 -34.963676 4.705359 64.186974
211.000000 -33.221077 3.748448 64.025337
212.000000 -35.157372 4.322503 64.204506
213.000000 -33.221077 3.748448 64.398415
214.000000 -35.351845 4.708653 64.400543
215.000000 -33.221077 3.748448 64.186790
216.000000 -35.157368 4.709941 64.336975
217.000000 -33.221077 3.748448 64.524536
218.000000 -35.351864 4.517070 64.417862
219.000000 -37.297565 4.263130 64.480171
220.000000 -39.434273 3.713686 64.528008
221.000000 -41.576801 2.999579 64.015625
222.000000 -43.926918 2.464502 64.263336
223.000000 -46.107567 1.738635 64.063927
224.000000 -48.095848 0.822113 64.096596
225.000000 -48.395844 -0.744168 64.357536
226.000000 -33.221077 3.748448 64.025887
227.000000 -35.157368 4.709941 64.013016
228.000000 -37.083664 4.050807 64.025452
229.000000 -39.006615 3.272192 64.501579
230.000000 -40.733780 2.500258 64.315842
231.000000 -42.636463 1.719366 64.408379
232.000000 -44.539352 1.127312 64.201347
233.000000 -46.648167 0.552940 64.021225
234.000000 -48.972008 -0.003889 64.335472
235.000000 -33.221077 3.748448 64.592728
236.000000 -35.351849 4.325310 64.176338
237.000000 -37.297565 4.693434 64.224251
238.000000 -39.046616 4.438085 64.452400
239.000000 -40.763130 4.182203 64.067238
240.000000 -42.261555 3.746612 64.345802
241.000000 -43.733437 3.488733 64.002678
242.000000 -44.989155 3.039892 68.031090
243.000000 -46.219002 2.585471 68.136337
244.000000 -47.621349 2.117398 68.380600
245.000000 -47.621349 2.117398 68.250130
246.000000 -47.621349 2.117398 68.124352
247.000000 -47.621349 2.117398 68.440811
248.000000 -47.621349 2.117398 68.238548
249.000000 -47.621349 2.117398 68.464111
250.000000 -47.621349 2.117398 68.579605
251.000000 -47.621349 2.117398 68.097038
252.000000 -47.621349 2.117398 68.571793
253.000000 -47.621349 2.117398 68.080315
254.000000 -47.621349 2.117398 68.387199
255.000000 -47.621349 2.117398 68.388229
256.000000 -47.621349 2.117398 68.258293
257.000000 -49.227657 1.831139 68.542397
258.000000 -47.621349 2.117398 68.142082
259.000000 -48.841457 1.835846 68.349037
260.000000 -47.621349 2.117398 68.122314
261.000000 -48.841446 1.641965 68.480164
262.000000 -47.621349 2.117398 68.275887
263.000000 -49.036289 1.835820 68.494835
264.000000 -47.621349 2.117398 68.026596
265.000000 -48.841442 1.449141 68.575691
266.000000 -47.621349 2.117398 68.513611
267.000000 -48.841446 1.641965 68.307938
268.000000 -47.621349 2.117398 68.497498
269.000000 -48.841446 1.641965 68.150414
270.000000 -47.621349 2.117398 68.260078
271.000000 -49.227657 1.831139 68.181747
272.000000 -47.621349 2.117398 68.129669
273.000000 -48.841457 1.835846 68.335075
274.000000 -50.253372 1.573004 68.577240
275.000000 -51.863220 1.140809 68.269051
276.000000 -52.043324 0.882576 68.122490
277.000000 -50.842331 0.436510 68.243217
278.000000 -49.366512 -0.198573 68.420273
279.000000 -48.049671 -0.869904 68.477959
280.000000 -46.532524 -1.566793 68.498886
281.000000 -47.621349 2.117398 68.067474
282.000000 -48.841442 1.449141 68.112274
283.000000 -49.668472 0.766039 88.170959
284.000000 -49.576488 0.760271 88.083206
285.000000 -49.432499 0.721789 86.181786
286.000000 -49.432499 0.721789 86.175430
287.000000 -49.432499 0.721789 86.302795
288.000000 -49.432499 0.721789 86.571556
289.000000 -49.432499 0.721789 86.449394
290.000000 -49.432499 0.721789 86.169640
291.000000 -49.432499 0.721789 86.287430
292.000000 -49.432499 0.721789 86.378761
293.000000 -49.432499 0.721789 86.009003
294.000000 -49.432499 0.721789 86.264381
295.000000 -49.432499 0.721789 86.305031
296.000000 -49.432499 0.721789 86.579498
297.000000 -49.432499 0.721789 86.108299
298.000000 -49.272091 0.683688 86.557747
299.000000 -49.432499 0.721789 86.364258
300.000000 -49.295647 0.889101 86.316200
301.000000 -49.432499 0.721789 86.028610
302.000000 -49.423157 0.644479 86.164253
303.000000 -49.432499 0.721789 86.040665
304.000000 -49.441845 0.890859 86.479736
305.000000 -49.432499 0.721789 86.420143
306.000000 -49.315170 0.300355 86.483856
307.000000 -49.432499 0.721789 86.554413
308.000000 -49.206326 0.514412 86.485046
309.000000 -49.432499 0.721789 86.109299
310.000000 -49.295647 0.889101 86.155060
311.000000 -49.432499 0.721789 86.533653
312.000000 -49.315170 0.300355 86.331886
313.000000 -49.432499 0.721789 86.554153
314.000000 -49.542576 0.892367 86.195442
315.000000 -50.048306 1.277983 88.543716
316.000000 -50.753975 1.513791 88.274849
317.000000 -51.301262 1.945038 88.363243
318.000000 -51.852692 2.193794 88.136574
319.000000 -52.198696 2.631332 88.102135
320.000000 -52.330532 3.257080 88.416992
321.000000 -52.617058 3.918787 88.460793
322.000000 -49.432499 0.721789 86.547836
323.000000 -49.272091 0.683688 86.060829
324.000000 -49.516006 0.385928 86.061371
325.000000 -49.727631 -0.110451 86.027016
326.000000 -49.753334 -0.832830 86.455109
327.000000 -49.957851 -1.407368 88.504845
328.000000 -50.355865 -1.990117 88.478241
329.000000 -50.787483 -2.756134 88.051384
330.000000 -51.434986 -2.374700 88.264580
331.000000 -49.432499 0.721789 86.042984
332.000000 -49.295647 0.889101 86.527100
333.000000 -49.511189 0.897124 86.448463
334.000000 -49.434395 0.720502 86.279869
335.000000 -49.328865 0.511919 86.351784
336.000000 -49.394882 0.281391 86.253510
337.000000 -49.664551 0.043041 86.125816
338.000000 -49.971512 -0.007786 86.334686
339.000000 -50.107559 -0.231769 88.148972
340.000000 -49.432499 0.721789 86.360794
341.000000 -49.423157 0.644479 86.032211
342.000000 -49.877895 0.550394 86.005798
343.000000 -50.160606 0.258365 88.547798
344.000000 -50.639690 -0.238554 88.322083
345.000000 -50.931747 -0.968642 86.483459
346.000000 -51.414185 -1.927240 88.058289
347.000000 -52.094074 -2.745114 88.371429
348.000000 -52.808960 -2.323130 88.567619
349.000000 -49.432499 0.721789 86.001884
350.000000 -49.295647 0.889101 86.205673
351.000000 -49.492180 1.116449 88.328453
352.000000 -49.402290 1.166800 88.490723
353.000000 -49.092232 1.208945 86.302330
354.000000 -48.934536 1.233721 86.458427
355.000000 -48.574390 1.444934 86.183815
356.000000 -48.205444 1.479649 86.264755
357.000000 -47.626400 1.325541 88.379402
358.000000 -49.432499 0.721789 86.447647
359.000000 -49.152958 0.426250 86.251663
360.000000 -49.189636 -0.059552 86.461601
361.000000 -49.357002 -0.714294 86.393265
362.000000 -49.352478 -1.207592 88.415138
363.000000 -49.348221 -1.892899 88.589508
364.000000 -49.525711 -2.760762 88.134712
365.000000 -49.718967 -2.217152 88.381844
366.000000 -49.734684 -1.446796 86.489906
367.000000 -49.432499 0.721789 86.537292
368.000000 -49.206326 0.514412 86.544067
369.000000 -49.212910 0.113372 86.342506
370.000000 -49.073517 -0.335458 86.388672
371.000000 -48.747978 -0.611514 88.376572
372.000000 -48.588490 -0.685282 88.052269
373.000000 -48.230991 -0.533527 86.400459
374.000000 -47.866066 -0.532241 88.156021
375.000000 -47.291489 -0.521957 88.445450
376.000000 -49.432499 0.721789 86.051895
377.000000 -49.295647 0.889101 86.046379
378.000000 -49.492180 1.116449 88.128487
379.000000 -49.790459 1.358772 88.220680
380.000000 -50.098381 1.799824 88.073792
381.000000 -50.615051 2.261940 88.264130
382.000000 -51.157288 2.742983 88.504005
383.000000 -51.913029 3.421112 88.388596
384.000000 -52.696144 4.120777 88.577545
385.000000 -49.432499 0.721789 86.279297
386.000000 -49.152958 0.426250 86.347580
387.000000 -48.993778 -0.263144 88.280449
388.000000 -48.559086 -1.127391 88.248955
389.000000 -47.898064 -2.031533 88.241135
390.000000 -47.193085 -2.761258 88.460922
391.000000 -46.654644 -2.356247 88.415024
392.000000 -45.931877 -1.982062 88.174759
393.000000 -45.012665 -1.410962 88.320930
394.000000 -49.432499 0.721789 86.367165
395.000000 -49.315170 0.300355 86.539490
396.000000 -49.394775 -0.419656 86.295265
397.000000 -49.253288 -0.979386 86.236732
398.000000 -49.089378 -1.737305 88.202538
399.000000 -48.710712 -2.502736 88.416557
400.000000 -48.500992 -2.441840 88.068329
401.000000 -48.481548 -1.803029 88.114204
402.000000 -48.300137 -1.284277 88.149033
403.000000 -49.432499 0.721789 86.548866
404.000000 -49.206326 0.514412 86.267937
405.000000 -49.100174 0.403181 86.154160
406.000000 -49.042072 0.468553 86.149178
407.000000 -48.797203 0.421151 88.408310
408.000000 -48.536308 0.215414 88.302376
409.000000 -48.257092 0.192040 86.251717
410.000000 -47.971748 0.364750 88.477379
411.000000 -47.489750 0.756957 88.006462
412.000000 -49.432499 0.721789 86.251350
413.000000 -49.315170 0.300355 86.447174
414.000000 -49.602741 -0.025750 86.038757
415.000000 -49.683006 -0.348539 86.380020
416.000000 -49.566158 -0.658527 86.565056
417.000000 -49.610855 -1.155411 88.322083
418.000000 -49.456036 -1.863764 88.025612
419.000000 -49.293331 -2.608730 88.366112
420.000000 -48.920845 -2.319343 88.451424
421.000000 -49.432499 0.721789 86.310829
422.000000 -49.152958 0.426250 86.446846
423.000000 -49.264912 0.113609 86.129066
424.000000 -49.285347 -0.152088 86.408440
425.000000 -49.502171 -0.593960 86.129425
426.000000 -49.739979 -0.862216 86.458809
427.000000 -49.996819 -1.319838 88.472290
428.000000 -50.065300 -1.974018 88.208366
429.000000 -50.311810 -2.469277 88.148140
430.000000 -50.559456 -2.758036 88.482231
431.000000 -51.013252 -2.693605 88.412125
432.000000 -51.682171 -2.660315 88.294266
433.000000 -52.392502 -2.738425 88.281319
434.000000 -53.128216 -2.710930 88.188332
435.000000 -53.677734 -2.650037 88.510986
436.000000 -54.406017 -2.595150 88.240005
437.000000 -54.940678 -2.737446 88.402794
438.000000 -55.469238 -2.705127 88.132378
439.000000 -55.788635 -2.732142 88.086121
440.000000 -55.892700 -2.715558 86.442291
441.000000 -55.766331 -2.488282 86.023964
442.000000 -55.404278 -2.437717 86.463081
443.000000 -54.804764 -2.384325 86.351639
444.000000 -54.157215 -2.153000 86.085770
445.000000 -49.432499 0.721789 86.145241
446.000000 -49.152958 0.426250 86.465034
447.000000 -49.073391 -0.098089 86.003273
448.000000 -48.688080 -0.586347 88.233971
449.000000 -48.076447 -0.893393 88.504562
450.000000 -47.614803 -1.374703 88.245483
451.000000 -47.145035 -1.859067 88.338730
452.000000 -46.685036 -2.161126 88.334534
453.000000 -46.228336 -2.642190 88.590408
454.000000 -45.966629 -2.487337 88.551758
455.000000 -45.916210 -2.011954 88.172501
456.000000 -45.905853 -1.706605 88.201996
457.000000 -45.725422 -1.411515 88.341972
458.000000 -45.729225 -1.129164 86.192650
459.000000 -45.541409 -0.660278 88.577400
460.000000 -45.542610 -0.365275 88.148651
461.000000 -45.353966 -0.074724 86.120522
462.000000 -45.354877 0.206051 86.572395
463.000000 -45.552910 0.295790 86.483086
464.000000 -45.975567 0.184570 86.068794
465.000000 -46.443157 -0.159225 88.294838
466.000000 -46.742134 -0.736939 88.517555
467.000000 -47.031353 -1.167614 86.274239
468.000000 -47.304337 -1.606324 86.586388
469.000000 -49.432499 0.721789 86.335129
470.000000 -49.525166 0.620376 86.014679
471.000000 -49.844681 0.303490 86.106949
472.000000 -50.139954 -0.030593 88.219513
473.000000 -50.625370 -0.381255 88.270615
474.000000 -51.129555 -0.547062 88.135895
475.000000 -51.457108 -0.504367 88.113434
476.000000 -51.772148 -0.235523 86.447914
477.000000 -52.069988 0.268738 88.474182
478.000000 -52.362103 0.627023 88.515251
479.000000 -52.457676 0.994237 86.011368
480.000000 -52.341866 1.353135 88.030296
481.000000 -52.381870 1.709184 88.041779
482.000000 -52.415565 1.870100 86.392670
483.000000 -52.264771 2.010389 88.518509
484.000000 -51.906441 1.947146 88.332207
485.000000 -51.320408 2.048745 88.021729
486.000000 -50.689949 2.146980 88.440346
487.000000 -49.837593 2.257272 88.358093
488.000000 -48.765881 2.184734 88.574387
489.000000 -47.846832 1.903713 88.418823
490.000000 -46.725464 1.391853 88.363823
491.000000 -45.595310 0.836634 88.243095
492.000000 -44.255054 0.065258 88.001259
493.000000 -49.432499 0.721789 86.195755
494.000000 -49.441845 0.890859 86.167023
495.000000 -49.778347 1.277501 88.174805
496.000000 -50.094723 1.511098 88.167053
497.000000 -50.218922 1.560757 88.540405
498.000000 -50.325371 1.581125 86.585533
499.000000 -50.607094 1.390262 86.404411
500.000000 -50.902393 0.978933 88.415604
501.000000 -51.407612 0.345606 88.389587
502.000000 -52.129242 -0.332339 88.185608
503.000000 -52.892780 -1.229913 88.016319
504.000000 -53.681835 -2.347137 88.021584
505.000000 -54.479595 -2.401442 88.254997
506.000000 -55.280293 -1.814163 88.577248
507.000000 -56.275829 -1.422179 88.103348
508.000000 -57.097092 -1.073031 88.568489
509.000000 -57.724651 -0.930950 88.537224
510.000000 -58.515152 -0.624818 88.334267
511.000000 -59.106621 -0.321154 88.439667
512.000000 -59.690357 -0.198732 88.156410
513.000000 -60.064354 -0.091057 88.413460
514.000000 -60.609028 0.193026 88.397034
515.000000 -61.344528 0.488239 92.408859
516.000000 -62.302551 0.614869 92.379227
517.000000 -63.110714 0.913495 92.576134
518.000000 -63.110714 0.913495 92.188324
519.000000 -63.110714 0.913495 92.446785
520.000000 -63.110714 0.913495 92.289101
521.000000 -63.110714 0.913495 92.418625
522.000000 -63.110714 0.913495 92.112717
523.000000 -63.110714 0.913495 92.157471
524.000000 -63.110714 0.913495 92.494881
525.000000 -63.110714 0.913495 92.047501
526.000000 -63.110714 0.913495 92.551315
527.000000 -63.110714 0.913495 92.143555
528.000000 -63.110714 0.913495 92.047150
529.000000 -63.110714 0.913495 92.045227
530.000000 -63.925365 1.024445 92.263054
531.000000 -63.110714 0.913495 92.005287
532.000000 -63.925365 1.024445 92.525368
533.000000 -63.110714 0.913495 92.002678
534.000000 -64.119865 1.219028 92.559814
535.000000 -63.110714 0.913495 92.447701
536.000000 -63.731682 1.405511 92.162476
537.000000 -63.110714 0.913495 92.130333
538.000000 -63.925365 1.024445 92.337746
539.000000 -63.110714 0.913495 92.571083
540.000000 -64.119865 1.027041 92.294998
541.000000 -63.110714 0.913495 92.533363
542.000000 -64.119865 1.027041 92.075951
543.000000 -63.110714 0.913495 92.388268
544.000000 -63.731682 1.405511 92.176918
545.000000 -63.110714 0.913495 92.544334
546.000000 -64.119865 1.027041 92.515182
547.000000 -65.330238 1.135479 96.144768
548.000000 -66.766594 1.229870 96.202446
549.000000 -68.054375 1.510623 100.168266
550.000000 -69.543526 2.000776 100.039734
551.000000 -71.042503 2.336262 100.248749
552.000000 -71.042503 2.336262 100.306732
553.000000 -71.042503 2.336262 100.580147
554.000000 -71.042503 2.336262 100.562531
555.000000 -71.042503 2.336262 100.585129
556.000000 -71.042503 2.336262 100.510254
557.000000 -71.042503 2.336262 100.238358
558.000000 -71.042503 2.336262 100.592522
559.000000 -71.042503 2.336262 100.506889
560.000000 -71.042503 2.336262 100.395538
561.000000 -71.042503 2.336262 100.332741
562.000000 -71.042503 2.336262 100.340553
563.000000 -71.042503 2.336262 100.001015
564.000000 -72.362022 2.676143 100.471985
565.000000 -71.042503 2.336262 100.277008
566.000000 -72.750298 2.661255 100.435425
567.000000 -71.042503 2.336262 100.500282
568.000000 -72.556953 2.676162 100.269554
569.000000 -71.042503 2.336262 100.432953
570.000000 -72.556953 2.676162 100.596130
571.000000 -71.042503 2.336262 100.396858
572.000000 -72.362015 2.660500 100.116859
573.000000 -71.042503 2.336262 100.351402
574.000000 -72.362015 2.660500 100.436752
575.000000 -71.042503 2.336262 100.456497
576.000000 -72.750244 2.678675 100.020302
577.000000 -71.042503 2.336262 100.213928
578.000000 -72.556946 2.659719 100.230415
579.000000 -71.042503 2.336262 100.103104
580.000000 -72.556946 2.659719 100.508080
581.000000 -73.881943 2.276698 100.321281
582.000000 -74.330185 1.964737 100.589439
583.000000 -73.446793 1.470397 100.256020
584.000000 -72.786674 1.144015 100.383820
585.000000 -72.170982 0.820166 100.025749
586.000000 -71.386597 0.509216 100.237602
587.000000 -70.786842 0.396559 100.285812
588.000000 -71.042503 2.336262 100.034721
589.000000 -72.750298 2.661255 100.421501
590.000000 -74.483620 2.280533 100.052200
591.000000 -73.699188 1.969923 100.340485
592.000000 -72.318733 1.469163 100.504456
593.000000 -70.926826 0.951930 100.262215
594.000000 -69.717178 0.609275 100.229790
595.000000 -68.582802 0.732581 140.517990
596.000000 -67.396461 1.140797 140.256561
597.000000 -66.256409 1.861576 138.354675
598.000000 -66.256409 1.861576 138.401764
599.000000 -66.256409 1.861576 138.573441
600.000000 -66.256409 1.861576 138.132019
601.000000 -66.256409 1.861576 138.491699
602.000000 -66.256409 1.861576 138.130615
603.000000 -66.256409 1.861576 138.587570
604.000000 -66.256409 1.861576 138.200165
605.000000 -66.256409 1.861576 138.153000
606.000000 -66.256409 1.861576 138.185425
607.000000 -66.256409 1.861576 138.011703
608.000000 -66.256409 1.861576 138.505630
609.000000 -66.256409 1.861576 138.576279
610.000000 -65.312180 2.424783 140.372314
611.000000 -66.256409 1.861576 138.146057
612.000000 -65.495911 2.567219 140.344849
613.000000 -66.267593 1.895486 178.078293
614.000000 -66.838867 1.079791 178.418228
615.000000 -66.838867 1.079791 178.033875
616.000000 -66.838867 1.079791 178.031799
617.000000 -66.838867 1.079791 178.492172
618.000000 -66.838867 1.079791 178.431976
619.000000 -66.838867 1.079791 178.350357
620.000000 -66.838867 1.079791 178.416458
621.000000 -66.838867 1.079791 178.401093
622.000000 -66.838867 1.079791 178.295212
623.000000 -66.838867 1.079791 178.462784
624.000000 -66.838867 1.079791 178.224258
625.000000 -66.838867 1.079791 178.453903
626.000000 -66.838867 1.079791 178.034348
627.000000 -67.609962 0.448137 180.005173
628.000000 -66.838867 1.079791 178.325256
629.000000 -67.415466 0.063550 180.422440
630.000000 -66.838867 1.079791 178.451263
631.000000 -67.221878 0.447123 180.411163
632.000000 -66.838867 1.079791 178.553345
633.000000 -67.609955 0.255784 180.420242
634.000000 -66.838867 1.079791 178.133377
635.000000 -67.221893 0.069346 180.211853
636.000000 -66.838867 1.079791 178.440475
637.000000 -67.415451 0.448813 180.200394
638.000000 -66.838867 1.079791 178.333633
639.000000 -67.609962 0.448137 180.125122
640.000000 -66.838867 1.079791 178.283142
641.000000 -67.221893 0.069346 180.015701
642.000000 -66.838867 1.079791 178.228348
643.000000 -67.609962 0.448137 180.445236
644.000000 -68.195442 -0.180535 178.104507
645.000000 -68.584053 -0.606836 178.143707
646.000000 -68.748901 -1.201781 180.568008
647.000000 -69.064728 -1.984890 180.044327
648.000000 -69.177673 -2.613643 180.223129
649.000000 -69.088867 -2.022920 180.475479
650.000000 -69.159721 -1.663992 178.092270
651.000000 -66.838867 1.079791 178.415649
652.000000 -67.221878 0.447123 180.173981
653.000000 -67.575775 0.008155 180.181519
654.000000 -68.101036 -0.209119 178.581116
655.000000 -68.638573 -0.382695 178.395798
656.000000 -69.192322 -0.723109 178.153122
657.000000 -69.945305 -0.881626 178.353088
658.000000 -70.720337 -0.845774 178.294800
659.000000 -71.707832 -0.592148 180.408356
660.000000 -66.838867 1.079791 178.581635
661.000000 -67.609978 0.066761 180.379196
662.000000 -68.195435 -0.794836 178.455994
663.000000 -68.584015 -1.471571 180.153412
664.000000 -69.134262 -1.927291 180.224915
665.000000 -69.485092 -2.533181 180.507828
666.000000 -70.022552 -2.458745 180.598618
667.000000 -70.745705 -2.184561 180.470245
668.000000 -70.303452 -1.959290 180.119247
669.000000 -66.838867 1.079791 178.088028
670.000000 -67.221878 0.447123 180.156464
671.000000 -67.384323 -0.000441 180.488174
672.000000 -67.698982 -0.605066 178.205200
673.000000 -68.006142 -1.207249 180.286804
674.000000 -68.516914 -1.818376 180.136261
675.000000 -69.051308 -2.242461 180.060577
676.000000 -69.410522 -2.714815 180.111496
677.000000 -69.757759 -2.373467 178.142136
678.000000 -66.838867 1.079791 178.087296
679.000000 -67.609962 0.448137 180.491959
680.000000 -68.195465 -0.374142 178.273026
681.000000 -68.584030 -1.009565 180.422089
682.000000 -68.748871 -1.831313 180.004959
683.000000 -68.870773 -2.464822 180.236374
684.000000 -69.159462 -2.557754 180.015244
685.000000 -69.650276 -2.065740 180.335403
686.000000 -70.177887 -1.659509 180.247665
687.000000 -66.838867 1.079791 178.448486
688.000000 -67.221893 0.256579 180.281647
689.000000 -67.770050 -0.389042 180.293869
690.000000 -68.314949 -1.214667 180.364349
691.000000 -68.676346 -2.043468 180.579407
692.000000 -69.217384 -2.561661 180.117477
693.000000 -69.565170 -1.938959 180.555527
694.000000 -70.101471 -1.472658 180.462753
695.000000 -70.692825 -1.031572 180.247711
696.000000 -66.838867 1.079791 178.397812
697.000000 -67.415451 0.448813 180.523773
698.000000 -67.787109 -0.180171 180.496338
699.000000 -68.136642 -0.795204 178.393753
700.000000 -68.271500 -1.214817 180.190292
701.000000 -68.575340 -1.613225 180.217377
702.000000 -68.682228 -2.186078 180.411194
703.000000 -68.589058 -2.643576 180.035263
704.000000 -68.270958 -2.233410 178.387146
705.000000 -66.838867 1.079791 178.412857
706.000000 -67.415466 0.063550 180.106308
707.000000 -68.175682 -0.796428 178.436310
708.000000 -68.952362 -1.854185 180.544235
709.000000 -69.746635 -2.535975 180.057755
710.000000 -70.352066 -1.752621 180.482971
711.000000 -70.748581 -0.938376 178.110977
712.000000 -71.301872 0.060919 180.289169
713.000000 -71.849152 1.268026 180.180176
714.000000 -66.838867 1.079791 178.132217
715.000000 -67.415451 0.448813 180.256393
716.000000 -68.175690 0.011073 178.401855
717.000000 -69.143433 -0.214299 178.427460
718.000000 -70.339256 -0.583616 178.558426
719.000000 -71.250031 -0.123635 180.524338
720.000000 -72.225784 1.026621 178.288467
721.000000 -73.182541 2.232591 180.178421
722.000000 -74.167091 2.116257 178.414062
723.000000 -66.838867 1.079791 178.124496
724.000000 -67.415466 0.063550 180.039825
725.000000 -68.175674 -0.987299 178.108673
726.000000 -68.757530 -2.257573 180.440414
727.000000 -69.532341 -2.161239 180.443222
728.000000 -70.118851 -1.133639 180.259903
729.000000 -70.895332 -0.064454 178.384399
730.000000 -71.869125 1.201594 180.385239
731.000000 -72.877861 2.680344 178.528397
732.000000 -66.838867 1.079791 178.531952
733.000000 -67.415451 0.448813 180.419037
734.000000 -67.787086 0.010008 180.246231
735.000000 -68.136627 -0.589872 178.297058
736.000000 -68.465576 -1.377167 180.045578
737.000000 -68.593231 -2.194992 180.403061
738.000000 -68.699966 -2.477426 180.496078
739.000000 -68.592476 -1.951526 178.513672
740.000000 -68.268021 -1.460411 178.088364
741.000000 -66.838867 1.079791 178.369675
742.000000 -67.415466 0.063550 180.085358
743.000000 -67.981468 -0.990035 180.270233
744.000000 -68.349419 -1.874777 180.276505
745.000000 -68.505463 -2.566275 180.133606
746.000000 -68.623062 -2.382268 180.461700
747.000000 -68.908905 -1.881059 178.232697
748.000000 -69.011116 -1.376975 180.453308
749.000000 -69.304733 -0.874075 178.084305
750.000000 -66.838867 1.079791 178.475479
751.000000 -67.221893 0.069346 180.432419
752.000000 -67.770073 -1.165817 180.276672
753.000000 -68.507317 -2.443806 180.438583
754.000000 -69.082153 -2.129615 180.402603
755.000000 -69.466576 -1.245938 180.255936
756.000000 -70.015152 -0.348232 178.521317
757.000000 -70.365227 0.740345 178.470657
758.000000 -70.707649 2.038768 180.444138
759.000000 -70.488220 3.251347 180.139038
760.000000 -70.570122 4.731564 180.374481
761.000000 -70.298279 3.772469 178.051758
762.000000 -69.805992 3.013568 180.588181
763.000000 -69.480652 2.082664 178.591660
764.000000 -69.487053 1.193382 180.291107
765.000000 -70.230194 1.632710 180.110565
766.000000 -71.192047 1.977437 180.512680
767.000000 -72.181984 2.102625 178.280960
768.000000 -72.998177 2.390900 178.010559
769.000000 -73.610199 2.487055 180.027176
770.000000 -74.186752 2.386510 178.166290
771.000000 -74.738167 2.443115 178.325897
772.000000 -74.513710 2.685318 178.391251
773.000000 -74.140724 2.546098 178.456665
774.000000 -66.838867 1.079791 178.239517
775.000000 -67.415466 0.063550 180.014038
776.000000 -67.981483 -1.179263 180.363937
777.000000 -68.738007 -2.274472 180.232224
778.000000 -69.704346 -2.474482 180.449738
779.000000 -70.515938 -1.888109 180.098709
780.000000 -70.295395 -1.103912 180.549820
781.000000 -69.870987 -0.501293 178.295059
782.000000 -69.482773 -0.096692 178.544952
783.000000 -69.706276 -0.487228 178.050156
784.000000 -69.689934 -1.049494 180.293259
785.000000 -69.447365 -1.817133 180.287903
786.000000 -69.160942 -2.628716 178.477539
787.000000 -68.652779 -2.270349 178.204727
788.000000 -67.925331 -1.882756 178.545654
789.000000 -67.156555 -1.538283 178.517670
790.000000 -66.166840 -1.219447 180.436096
791.000000 -64.958061 -1.095090 180.314896
792.000000 -64.060791 -1.237442 200.118698
793.000000 -63.305908 -0.524112 198.232101
794.000000 -62.485039 -0.037768 198.145370
795.000000 -62.485039 -0.037768 198.028183
796.000000 -62.485039 -0.037768 198.093338
797.000000 -62.485039 -0.037768 198.546249
798.000000 -62.485039 -0.037768 198.381668
799.000000 -62.485039 -0.037768 198.068405
800.000000 -62.485039 -0.037768 198.496872
801.000000 -62.485039 -0.037768 198.361832
802.000000 -62.485039 -0.037768 198.553665
803.000000 -62.485039 -0.037768 198.501953
804.000000 -62.485039 -0.037768 198.424744
805.000000 -62.485039 -0.037768 198.424301
806.000000 -62.485039 -0.037768 198.210938
807.000000 -61.635017 0.405123 198.479706
808.000000 -62.485039 -0.037768 198.590836
809.000000 -61.829517 0.220309 198.345749
810.000000 -62.485039 -0.037768 198.374710
811.000000 -61.635014 0.216549 198.588318
812.000000 -62.485039 -0.037768 198.075974
813.000000 -61.441284 0.223376 198.441238
814.000000 -62.485039 -0.037768 198.385696
815.000000 -61.441280 0.408429 198.168716
816.000000 -62.485039 -0.037768 198.164154
817.000000 -61.829521 0.598300 198.481339
818.000000 -62.485039 -0.037768 198.488968
819.000000 -61.829517 0.406828 198.102203
820.000000 -62.485039 -0.037768 198.590652
821.000000 -61.829517 0.220309 198.437836
822.000000 -62.485039 -0.037768 198.061798
823.000000 -61.635017 0.405123 198.239029
824.000000 -60.969524 1.015301 200.570389
825.000000 -60.511887 1.446953 200.534546
826.000000 -60.191242 1.346947 198.304642
827.000000 -59.774723 1.028334 200.477631
828.000000 -59.337727 0.778499 198.272232
829.000000 -58.690075 0.736810 198.599380
830.000000 -58.212772 0.528117 198.476212
831.000000 -62.485039 -0.037768 198.346191
832.000000 -61.441284 0.223376 198.038986
833.000000 -60.177868 0.443699 198.061020
834.000000 -58.873001 0.635076 198.213196
835.000000 -57.540993 0.623939 198.530365
836.000000 -56.394142 0.404280 200.445908
837.000000 -55.455364 0.146171 200.028610
838.000000 -54.361244 -0.333323 200.326126
839.000000 -53.078510 -1.021803 200.298264
840.000000 -62.485039 -0.037768 198.292191
841.000000 -61.441284 0.223376 198.466110
842.000000 -60.563663 0.249921 198.160187
843.000000 -59.488117 0.035971 198.172485
844.000000 -58.212227 -0.219438 198.477600
845.000000 -56.711319 -0.314403 200.100037
846.000000 -55.166904 -0.210823 200.239990
847.000000 -53.400940 0.112576 200.443665
848.000000 -51.607204 0.286974 198.047592
849.000000 -62.485039 -0.037768 198.034073
850.000000 -61.635014 0.216549 198.281952
851.000000 -60.580956 0.239269 198.356491
852.000000 -59.699532 0.405851 198.168518
853.000000 -59.009563 0.750718 198.392593
854.000000 -58.542336 1.302714 200.124756
855.000000 -58.119305 1.899061 200.025177
856.000000 -57.527500 2.714118 200.466156
857.000000 -56.733109 3.552376 200.151871
858.000000 -62.485039 -0.037768 198.250000
859.000000 -61.829517 0.406828 198.540970
860.000000 -60.989292 1.016631 200.262756
861.000000 -59.952507 1.635238 200.019379
862.000000 -58.692039 2.082878 200.387085
863.000000 -57.198231 2.520978 200.106491
864.000000 -55.657875 2.750057 200.584229
865.000000 -54.283195 2.766194 204.366943
866.000000 -52.723942 2.734893 204.308563
867.000000 -50.968155 2.494945 204.450394
868.000000 -50.968155 2.494945 204.244568
869.000000 -50.968155 2.494945 204.080978
870.000000 -50.968155 2.494945 204.454163
871.000000 -50.968155 2.494945 204.029388
872.000000 -50.968155 2.494945 204.507385
873.000000 -50.968155 2.494945 204.037445
874.000000 -50.968155 2.494945 204.471802
875.000000 -50.968155 2.494945 204.120682
876.000000 -50.968155 2.494945 204.413727
877.000000 -50.968155 2.494945 204.418442
878.000000 -50.968155 2.494945 204.115219
879.000000 -50.968155 2.494945 204.193436
880.000000 -49.179871 2.037903 204.461655
881.000000 -50.968155 2.494945 204.562592
882.000000 -49.374126 2.037019 204.411346
883.000000 -50.968155 2.494945 204.402588
884.000000 -48.988693 2.231226 204.255569
885.000000 -50.968155 2.494945 204.046539
886.000000 -48.988705 2.417958 204.261597
887.000000 -50.968155 2.494945 204.446518
888.000000 -49.179867 2.226196 204.441452
889.000000 -50.968155 2.494945 204.339798
890.000000 -49.374100 2.225476 204.413300
891.000000 -50.968155 2.494945 204.442352
892.000000 -49.374100 2.225476 204.528549
893.000000 -50.968155 2.494945 204.127777
894.000000 -49.179886 2.418797 204.490570
895.000000 -50.968155 2.494945 204.332626
896.000000 -49.179871 2.037903 204.343460
897.000000 -47.367455 1.730450 204.440796
898.000000 -45.352562 1.224239 204.495087
899.000000 -43.324181 0.889738 204.230148
900.000000 -42.103050 -0.806929 204.258408
901.000000 -40.849548 -2.475569 204.280746
902.000000 -39.593761 -1.936347 204.150574
903.000000 -38.142551 -0.792466 204.480606
904.000000 -50.968155 2.494945 204.556320
905.000000 -49.374126 2.037019 204.379852
906.000000 -47.580677 1.725236 204.367966
907.000000 -45.973904 1.410124 204.065857
908.000000 -44.563255 1.104651 204.225372
909.000000 -43.376892 0.801981 204.564423
910.000000 -42.424164 0.317376 204.252853
911.000000 -41.519661 -0.192506 208.072220
912.000000 -40.447598 -0.719266 208.383194
913.000000 -39.173340 -1.061622 212.089844
914.000000 -37.673317 -1.578908 216.395294
915.000000 -36.456841 -2.371021 216.520767
916.000000 -37.109417 -2.122665 216.080048
917.000000 -37.109417 -2.122665 216.481522
918.000000 -37.109417 -2.122665 216.370239
919.000000 -37.109417 -2.122665 216.577530
920.000000 -37.109417 -2.122665 216.473557
921.000000 -37.109417 -2.122665 216.148270
922.000000 -37.109417 -2.122665 216.030762
923.000000 -37.109417 -2.122665 216.054672
924.000000 -37.109417 -2.122665 216.057343
925.000000 -37.109417 -2.122665 216.261932
926.000000 -37.109417 -2.122665 216.596313
927.000000 -37.109417 -2.122665 216.292572
928.000000 -37.109417 -2.122665 216.148315
929.000000 -37.577759 -1.270486 214.280167
930.000000 -37.109417 -2.122665 216.125381
931.000000 -37.772633 -1.112094 214.125107
932.000000 -37.109417 -2.122665 216.476166
933.000000 -37.577759 -1.270486 214.363159
934.000000 -37.109417 -2.122665 216.194412
935.000000 -37.577728 -1.424155 214.460464
936.000000 -37.109417 -2.122665 216.472321
937.000000 -37.577728 -1.424155 214.421844
938.000000 -37.109417 -2.122665 216.289612
939.000000 -37.772633 -1.270033 214.589264
940.000000 -37.109417 -2.122665 216.295181
941.000000 -37.577736 -1.112329 214.101944
942.000000 -37.109417 -2.122665 216.492416
943.000000 -37.577759 -1.270486 214.343567
944.000000 -37.109417 -2.122665 216.404755
945.000000 -37.772633 -1.112094 214.503036
946.000000 -38.451569 -0.269240 216.300598
947.000000 -38.941082 0.563688 216.024414
948.000000 -39.608250 1.575698 216.382782
949.000000 -40.081432 2.792562 216.472427
950.000000 -40.742908 4.234599 214.077118
951.000000 -41.601082 3.981429 216.585800
952.000000 -42.683731 2.800564 216.269119
953.000000 -37.109417 -2.122665 216.158066
954.000000 -37.772633 -1.112094 214.336060
955.000000 -38.451565 -0.075245 216.130615
956.000000 -39.135849 1.165693 216.592728
957.000000 -40.015774 2.237917 216.288528
958.000000 -40.916443 3.500688 216.483078
959.000000 -41.641071 4.761118 216.024841
960.000000 -42.353394 3.842053 214.381516
961.000000 -43.242912 3.101587 214.324310
962.000000 -37.109417 -2.122665 216.419708
963.000000 -37.577759 -1.270486 214.577713
964.000000 -37.849621 -0.613616 216.573929
965.000000 -37.897858 0.205946 216.139191
966.000000 -37.712761 0.832853 214.157394
967.000000 -37.290993 1.456666 216.176910
968.000000 -36.631454 2.251235 216.124542
969.000000 -35.923729 2.867003 216.588074
970.000000 -35.381172 3.292829 216.073318
971.000000 -37.109417 -2.122665 216.353104
972.000000 -37.577728 -1.424155 214.309326
973.000000 -37.849602 -0.767096 216.557358
974.000000 -38.283260 -0.329128 216.261429
975.000000 -38.517521 0.075507 216.418594
976.000000 -38.938442 0.654329 214.266190
977.000000 -39.555523 1.428180 216.276566
978.000000 -40.207130 2.427614 216.589508
979.000000 -41.074909 3.281132 216.574066
980.000000 -37.109417 -2.122665 216.505676
981.000000 -37.577728 -1.424155 214.332642
982.000000 -38.237278 -0.770567 216.331894
983.000000 -38.902725 0.047087 216.173340
984.000000 -39.775806 1.063030 216.498993
985.000000 -40.674019 2.303694 216.300995
986.000000 -41.785603 3.771579 216.359650
987.000000 -43.114830 4.393051 216.135956
988.000000 -44.486397 3.300562 214.470596
989.000000 -37.109417 -2.122665 216.153168
990.000000 -37.772625 -1.423489 214.527176
991.000000 -38.451572 -0.579875 216.489319
992.000000 -38.941086 0.448149 216.413223
993.000000 -39.413754 1.503774 216.155365
994.000000 -39.867706 2.582628 216.001694
995.000000 -40.315414 3.475184 216.296844
996.000000 -40.761028 4.349717 214.586258
997.000000 -41.399860 4.561482 216.262222
998.000000 -37.109417 -2.122665 216.199921
999.000000 -37.577736 -1.112329 214.569305
1000.000000 -38.237289 -0.267302 216.231888
1001.000000 -38.902737 0.565124 216.198059
1002.000000 -39.582458 1.190153 216.582397
1003.000000 -40.460747 1.606127 216.305161
1004.000000 -41.551559 1.982935 216.404480
1005.000000 -42.872074 2.153137 216.069794
1006.000000 -44.239391 2.479556 216.337234
1007.000000 -37.109417 -2.122665 216.220825
1008.000000 -37.964119 -1.265097 214.297653
1009.000000 -39.045071 -0.232756 216.370041
1010.000000 -40.360332 0.990018 214.173843
1011.000000 -41.724072 2.250903 216.100571
1012.000000 -42.920319 3.728606 214.458069
1013.000000 -43.914391 4.565232 216.223969
1014.000000 -44.682713 3.552127 214.153259
1015.000000 -45.407314 2.395119 216.098129
1016.000000 -37.109417 -2.122665 216.415955
1017.000000 -37.772633 -1.112094 214.152069
1018.000000 -38.256630 -0.268677 216.040558
1019.000000 -38.727291 0.759815 216.070465
1020.000000 -39.180431 1.597763 216.151550
1021.000000 -39.627747 2.429439 216.267288
1022.000000 -40.073124 3.246903 216.171875
1023.000000 -40.517822 3.866163 216.317368
1024.000000 -40.767651 4.464159 214.252777
1025.000000 -37.109417 -2.122665 216.040482
1026.000000 -37.964111 -1.112905 214.573868
1027.000000 -39.045074 -0.263911 216.515808
1028.000000 -40.360329 0.759719 214.549210
1029.000000 -41.912586 1.603576 216.442520
1030.000000 -43.514313 2.436413 216.009048
1031.000000 -45.143845 3.064351 216.145874
1032.000000 -46.976448 3.670134 220.201004
1033.000000 -48.832485 4.446071 220.101196
1034.000000 -50.513340 4.306454 220.068207
1035.000000 -50.513340 4.306454 220.255722
1036.000000 -50.513340 4.306454 220.293091
1037.000000 -50.513340 4.306454 220.230545
1038.000000 -50.513340 4.306454 220.482498
1039.000000 -50.513340 4.306454 220.128113
1040.000000 -50.513340 4.306454 220.320541
1041.000000 -50.513340 4.306454 220.332886
1042.000000 -50.513340 4.306454 220.093307
1043.000000 -50.513340 4.306454 220.441208
1044.000000 -50.513340 4.306454 220.476639
1045.000000 -50.513340 4.306454 220.429657
1046.000000 -50.513340 4.306454 220.496475
1047.000000 -51.989571 3.894586 220.541901
1048.000000 -50.513340 4.306454 220.439301
1049.000000 -51.989571 3.894586 220.547592
1050.000000 -50.513340 4.306454 220.548737
1051.000000 -52.376694 3.588965 220.191742
1052.000000 -50.513340 4.306454 220.525925
1053.000000 -52.182156 3.901570 220.011566
1054.000000 -50.513340 4.306454 220.326279
1055.000000 -51.989563 3.589065 220.112045
1056.000000 -50.513340 4.306454 220.320251
1057.000000 -52.182171 3.745870 220.221786
1058.000000 -50.513340 4.306454 220.278229
1059.000000 -51.989563 3.589065 220.138596
1060.000000 -50.513340 4.306454 220.212677
1061.000000 -51.989574 3.743082 220.353622
1062.000000 -50.513340 4.306454 220.181824
1063.000000 -52.182156 3.901570 220.489487
1064.000000 -53.639767 3.378959 220.434357
1065.000000 -55.073177 2.865478 218.257278
1066.000000 -56.291214 2.342192 220.416504
1067.000000 -57.291943 1.629277 220.229050
1068.000000 -58.252094 0.895364 218.074081
1069.000000 -59.379902 0.142995 218.236725
1070.000000 -60.518635 -0.424369 218.455307
1071.000000 -50.513340 4.306454 220.273483
1072.000000 -51.989571 3.894586 220.047684
1073.000000 -53.239216 3.364887 220.094757
1074.000000 -54.638699 3.038423 220.541763
1075.000000 -56.030006 2.721380 220.562469
1076.000000 -57.624653 2.230906 218.476685
1077.000000 -59.048149 1.914081 218.287750
1078.000000 -60.278881 1.410285 218.012115
1079.000000 -61.287296 1.091746 220.322510
1080.000000 -50.513340 4.306454 220.047638
1081.000000 -52.376682 3.746041 220.518066
1082.000000 -54.434765 3.412658 220.401871
1083.000000 -56.332520 3.299798 224.123520
1084.000000 -58.233833 3.033720 244.526535
1085.000000 -60.123936 2.774689 248.573944
1086.000000 -62.204269 2.317070 248.292068
1087.000000 -64.108650 1.830107 246.290741
1088.000000 -64.108650 1.830107 246.105835
1089.000000 -64.108650 1.830107 246.060852
1090.000000 -64.108650 1.830107 246.177948
1091.000000 -64.108650 1.830107 246.091461
1092.000000 -64.108650 1.830107 246.263184
1093.000000 -64.108650 1.830107 246.212723
1094.000000 -64.108650 1.830107 246.296722
1095.000000 -64.108650 1.830107 246.521515
1096.000000 -64.108650 1.830107 246.502121
1097.000000 -64.108650 1.830107 246.423355
1098.000000 -64.108650 1.830107 246.394257
1099.000000 -64.108650 1.830107 246.571167
1100.000000 -66.206673 1.136662 246.179169
1101.000000 -64.108650 1.830107 246.145142
1102.000000 -66.012161 1.520805 246.533401
1103.000000 -64.108650 1.830107 246.423050
1104.000000 -66.012161 1.520805 246.356354
1105.000000 -64.108650 1.830107 246.482574
1106.000000 -65.818901 1.139226 246.550842
1107.000000 -64.108650 1.830107 246.317551
1108.000000 -66.206673 1.327478 246.468475
1109.000000 -64.108650 1.830107 246.523895
1110.000000 -66.012161 1.134163 246.581985
1111.000000 -64.108650 1.830107 246.000549
1112.000000 -66.206688 1.520153 246.236832
1113.000000 -64.108650 1.830107 246.380035
1114.000000 -66.206673 1.327478 246.497833
1115.000000 -64.108650 1.830107 246.366440
1116.000000 -66.012161 1.520805 246.008423
1117.000000 -67.902679 1.029545 246.174347
1118.000000 -68.877975 0.509404 246.452744
1119.000000 -67.785194 1.249461 246.309250
1120.000000 -66.474609 1.805141 246.004288
1121.000000 -65.145279 2.547012 246.119278
1122.000000 -63.602398 3.112065 248.011322
1123.000000 -61.842785 3.494442 248.485657
1124.000000 -64.108650 1.830107 246.383118
1125.000000 -66.012161 1.520805 246.454773
1126.000000 -67.902679 1.415990 246.482239
1127.000000 -69.788948 1.153401 248.144394
1128.000000 -71.479111 0.896088 248.432770
1129.000000 -73.150177 0.628676 248.036774
1130.000000 -74.581352 0.358622 248.113449
1131.000000 -73.391449 -0.107917 246.398041
1132.000000 -71.881287 -0.590170 246.265091
1133.000000 -64.108650 1.830107 246.183182
1134.000000 -66.206673 1.327478 246.375290
1135.000000 -68.116638 0.815787 246.194122
1136.000000 -68.647575 0.522206 246.399582
1137.000000 -67.692162 -0.084354 246.206757
1138.000000 -66.674294 -0.825785 248.348679
1139.000000 -65.466454 -1.793526 248.382263
1140.000000 -64.049309 -2.612984 248.458328
1141.000000 -62.594734 -2.430809 248.420731
1142.000000 -64.108650 1.830107 246.483414
1143.000000 -66.012154 1.326542 246.087860
1144.000000 -67.708359 1.007790 246.035721
1145.000000 -68.407471 0.687281 246.500351
1146.000000 -67.265388 0.163663 246.494171
1147.000000 -66.156059 -0.185790 248.286667
1148.000000 -64.874435 -0.338423 252.326614
1149.000000 -63.776276 -0.458418 250.205048
1150.000000 -62.486206 -0.748903 250.291138
1151.000000 -62.486206 -0.748903 250.061340
1152.000000 -62.486206 -0.748903 250.029953
1153.000000 -62.486206 -0.748903 250.274033
1154.000000 -62.486206 -0.748903 250.118729
1155.000000 -62.486206 -0.748903 250.311874
1156.000000 -62.486206 -0.748903 250.551956
1157.000000 -62.486206 -0.748903 250.242874
1158.000000 -62.486206 -0.748903 250.146790
1159.000000 -62.486206 -0.748903 250.537735
1160.000000 -62.486206 -0.748903 250.101822
1161.000000 -62.486206 -0.748903 250.561783
1162.000000 -62.486206 -0.748903 250.453964
1163.000000 -61.385082 -0.856647 250.164841
1164.000000 -62.486206 -0.748903 250.451340
1165.000000 -61.190544 -1.050140 252.476257
1166.000000 -62.486206 -0.748903 250.276550
1167.000000 -60.997543 -0.857905 250.427368
1168.000000 -62.486206 -0.748903 250.358475
1169.000000 -60.997543 -0.857905 250.191147
1170.000000 -62.486206 -0.748903 250.067642
1171.000000 -61.385075 -1.049347 252.459518
1172.000000 -62.486206 -0.748903 250.142822
1173.000000 -61.385082 -0.856647 250.261520
1174.000000 -62.486206 -0.748903 250.565445
1175.000000 -61.385090 -1.238646 252.565002
1176.000000 -62.486206 -0.748903 250.123550
1177.000000 -61.190544 -1.050140 252.455612
1178.000000 -62.486206 -0.748903 250.150574
1179.000000 -60.997536 -1.233734 252.238556
1180.000000 -59.669792 -1.563997 252.135605
1181.000000 -58.337379 -1.706270 252.446045
1182.000000 -57.015884 -1.818124 250.409805
1183.000000 -55.503323 -1.907844 250.446793
1184.000000 -54.167847 -1.988791 252.278046
1185.000000 -52.833179 -1.874918 250.141556
1186.000000 -51.704575 -1.741506 252.049393
1187.000000 -62.486206 -0.748903 250.079544
1188.000000 -61.190544 -1.050140 252.553329
1189.000000 -59.685886 -1.367519 252.162552
1190.000000 -58.352169 -1.496511 252.297821
1191.000000 -57.017159 -1.417210 250.391602
1192.000000 -55.499222 -1.112045 250.440643
1193.000000 -53.966656 -0.956187 252.568375
1194.000000 -52.610470 -0.979846 250.204819
1195.000000 -51.268219 -1.037642 256.186981
1196.000000 -49.942768 -1.116044 260.236084
1197.000000 -48.428223 -1.393317 260.536652
1198.000000 -46.896965 -1.691944 260.527100
1199.000000 -46.896965 -1.691944 260.482208
1200.000000 -46.896965 -1.691944 260.543457
1201.000000 -46.896965 -1.691944 260.040924
1202.000000 -46.896965 -1.691944 260.129395
1203.000000 -46.896965 -1.691944 260.327454
1204.000000 -46.896965 -1.691944 260.343079
1205.000000 -46.896965 -1.691944 260.420990
1206.000000 -46.896965 -1.691944 260.263763
1207.000000 -46.896965 -1.691944 260.396027
1208.000000 -46.896965 -1.691944 260.069641
1209.000000 -46.896965 -1.691944 260.478333
1210.000000 -46.896965 -1.691944 260.178436
1211.000000 -45.152878 -2.010049 260.265381
1212.000000 -46.896965 -1.691944 260.349365
1213.000000 -45.152882 -1.818530 260.383820
1214.000000 -46.896965 -1.691944 260.399384
1215.000000 -45.347019 -1.815992 260.272858
1216.000000 -46.896965 -1.691944 260.350769
1217.000000 -45.347027 -2.203320 260.582642
1218.000000 -46.896965 -1.691944 260.129181
1219.000000 -45.152882 -1.818530 260.045685
1220.000000 -46.896965 -1.691944 260.140442
1221.000000 -45.347019 -1.815992 260.419128
1222.000000 -46.896965 -1.691944 260.462280
1223.000000 -45.347008 -2.010591 260.161713
1224.000000 -46.896965 -1.691944 260.144958
1225.000000 -45.152882 -1.818530 260.202057
1226.000000 -46.896965 -1.691944 260.110809
1227.000000 -45.152882 -1.818530 260.343719
1228.000000 -43.384010 -1.933693 260.259613
1229.000000 -41.788033 -2.030585 260.205017
1230.000000 -40.396168 -1.935768 260.080414
1231.000000 -39.041706 -1.629633 258.002563
1232.000000 -37.516407 -1.283749 258.280426
1233.000000 -36.780361 -1.120169 260.135223
1234.000000 -37.978035 -0.915741 260.370300
1235.000000 -46.896965 -1.691944 260.457306
1236.000000 -45.541344 -2.009264 260.450287
1237.000000 -44.390713 -2.333411 260.048126
1238.000000 -43.467316 -2.475692 260.120514
1239.000000 -42.589752 -2.597777 260.596985
1240.000000 -41.931656 -2.699317 260.364838
1241.000000 -41.108727 -2.546118 260.507843
1242.000000 -40.094666 -2.103291 260.413940
1243.000000 -39.244576 -1.437154 258.074707
1244.000000 -46.896965 -1.691944 260.064880
1245.000000 -45.541363 -1.817324 260.451996
1246.000000 -44.390709 -1.932919 260.416077
1247.000000 -43.277840 -2.224234 260.587158
1248.000000 -41.994179 -2.721031 260.207764
1249.000000 -40.894520 -2.583764 260.286407
1250.000000 -39.990086 -2.294150 260.160126
1251.000000 -39.119904 -1.783693 258.213623
1252.000000 -38.272823 -1.248671 260.498718
1253.000000 -46.896965 -1.691944 260.078461
1254.000000 -45.347019 -1.815992 260.257843
1255.000000 -43.790836 -2.121800 260.262939
1256.000000 -42.232601 -2.622571 260.173798
1257.000000 -40.478981 -2.643482 260.228333
1258.000000 -38.706532 -2.395295 260.390686
1259.000000 -36.720524 -2.095560 258.419556
1260.000000 -37.576485 -1.984359 258.566864
1261.000000 -39.128025 -2.078564 260.452026
1262.000000 -46.896965 -1.691944 260.578705
1263.000000 -45.152878 -2.010049 260.029236
1264.000000 -43.384022 -2.334661 260.034271
1265.000000 -41.593647 -2.706768 260.519287
1266.000000 -39.990238 -2.431094 260.312836
1267.000000 -38.209690 -2.390334 260.229736
1268.000000 -36.427906 -2.198922 258.265564
1269.000000 -37.507309 -2.680204 258.356262
1270.000000 -38.541153 -2.260053 258.328796
1271.000000 -46.896965 -1.691944 260.563599
1272.000000 -45.541355 -2.199369 260.359283
1273.000000 -44.004612 -2.658286 260.189423
1274.000000 -42.272259 -2.243752 260.545776
1275.000000 -40.507835 -1.524740 260.437653
1276.000000 -38.913818 -0.587221 260.533325
1277.000000 -37.331696 0.392727 260.080414
1278.000000 -35.570805 1.590903 260.440765
1279.000000 -33.796673 3.006559 258.236053
1280.000000 -46.896965 -1.691944 260.250183
1281.000000 -45.347019 -1.815992 260.490295
1282.000000 -43.596321 -1.929207 260.100616
1283.000000 -41.824974 -1.832519 260.405579
1284.000000 -39.839447 -1.713540 258.078094
1285.000000 -37.828712 -1.573059 258.189423
1286.000000 -35.796307 -1.231151 280.225800
1287.000000 -34.313313 -2.560928 280.560547
1288.000000 -32.929241 -2.254160 280.070190
1289.000000 -32.929241 -2.254160 280.260345
1290.000000 -32.929241 -2.254160 280.065582
1291.000000 -32.929241 -2.254160 280.255707
1292.000000 -32.929241 -2.254160 280.565338
1293.000000 -32.929241 -2.254160 280.584503
1294.000000 -32.929241 -2.254160 280.217773
1295.000000 -32.929241 -2.254160 280.120056
1296.000000 -32.929241 -2.254160 280.132233
1297.000000 -32.929241 -2.254160 280.173401
1298.000000 -32.929241 -2.254160 280.535095
1299.000000 -32.929241 -2.254160 280.345673
1300.000000 -32.929241 -2.254160 280.020416
1301.000000 -31.564440 -1.703613 280.136200
1302.000000 -32.929241 -2.254160 280.556366
1303.000000 -31.564447 -1.538239 280.162659
1304.000000 -32.929241 -2.254160 280.044830
1305.000000 -31.369719 -1.373027 280.566528
1306.000000 -32.929241 -2.254160 280.280823
1307.000000 -31.564440 -1.373336 280.534088
1308.000000 -32.929241 -2.254160 280.326263
1309.000000 -31.755354 -1.379672 280.397095
1310.000000 -32.929241 -2.254160 280.240479
1311.000000 -31.564440 -1.703613 280.353333
1312.000000 -32.929241 -2.254160 280.564301
1313.000000 -31.755346 -1.697409 280.286224
1314.000000 -32.929241 -2.254160 280.013062
1315.000000 -31.564447 -1.538239 280.415649
1316.000000 -32.929241 -2.254160 280.077240
1317.000000 -31.564447 -1.538239 280.334167
1318.000000 -30.023148 -0.608243 280.506348
1319.000000 -28.469410 0.342985 280.385468
1320.000000 -27.092798 1.506569 280.285797
1321.000000 -25.921648 2.692591 280.398071
1322.000000 -24.977873 4.082461 278.354767
1323.000000 -24.080011 4.116625 278.120789
1324.000000 -23.013897 3.207318 280.254303
1325.000000 -32.929241 -2.254160 280.167084
1326.000000 -31.369707 -1.704703 280.570068
1327.000000 -30.003975 -1.353330 280.583008
1328.000000 -28.836870 -1.218867 280.433014
1329.000000 -27.510891 -0.945632 280.137085
1330.000000 -25.995394 -0.676229 280.532532
1331.000000 -24.644520 -0.588125 280.550079
1332.000000 -23.482567 -0.699738 280.565796
1333.000000 -22.158134 -1.046655 280.369232
1334.000000 -32.929241 -2.254160 280.135437
1335.000000 -31.564447 -1.538239 280.442200
1336.000000 -30.218124 -0.994237 280.597717
1337.000000 -29.071747 -0.651706 280.241882
1338.000000 -27.947678 -0.160369 280.222168
1339.000000 -27.036144 0.328738 280.333618
1340.000000 -25.957035 1.020304 280.416656
1341.000000 -24.879463 1.541193 280.550964
1342.000000 -23.984085 2.064597 280.153870
1343.000000 -32.929241 -2.254160 280.026764
1344.000000 -31.755362 -1.538314 280.356537
1345.000000 -30.810406 -0.618200 280.554749
1346.000000 -30.100651 0.138674 280.554199
1347.000000 -29.439692 0.702440 280.183563
1348.000000 -28.611347 1.425771 280.192810
1349.000000 -27.773607 2.147263 280.190979
1350.000000 -26.919792 2.686469 280.377655
1351.000000 -25.866079 3.021695 278.435028
1352.000000 -32.929241 -2.254160 280.208374
1353.000000 -31.564447 -1.538239 280.155212
1354.000000 -30.023163 -0.993604 280.220367
1355.000000 -28.469412 -0.654738 280.143738
1356.000000 -26.704298 -0.353097 280.035156
1357.000000 -24.723139 -0.074070 280.551056
1358.000000 -22.701897 0.004682 280.336700
1359.000000 -20.653984 -0.130232 280.408264
1360.000000 -21.839846 -0.419232 280.202057
1361.000000 -32.929241 -2.254160 280.118469
1362.000000 -31.755354 -1.379672 280.336609
1363.000000 -30.810402 -0.455498 280.263306
1364.000000 -29.911942 0.680948 280.123535
1365.000000 -29.313667 1.416905 280.080322
1366.000000 -30.275057 0.600834 278.421631
1367.000000 -31.382309 -0.361680 280.120728
1368.000000 -32.329540 -1.532392 280.449341
1369.000000 -33.474983 -2.734764 280.121124
1370.000000 -32.929241 -2.254160 280.544525
1371.000000 -31.755346 -1.697409 280.319580
1372.000000 -30.621092 -0.964588 280.177032
1373.000000 -29.316647 -0.033783 280.369263
1374.000000 -28.001862 1.118932 280.591461
1375.000000 -26.864952 2.123976 280.134186
1376.000000 -25.742498 3.133976 278.503052
1377.000000 -24.442060 4.134696 278.132812
1378.000000 -23.323183 4.361230 280.309570
1379.000000 -32.929241 -2.254160 280.332916
1380.000000 -31.564440 -1.373336 280.378113
1381.000000 -30.411274 -0.253782 280.153137
1382.000000 -29.090185 0.909653 280.213196
1383.000000 -27.577147 2.286849 280.391083
1384.000000 -26.033482 3.498495 280.324982
1385.000000 -24.660698 4.714603 278.208801
1386.000000 -23.299982 3.950824 280.353485
1387.000000 -21.955488 3.259538 280.481049
1388.000000 -32.929241 -2.254160 280.139801
1389.000000 -31.369707 -1.704703 280.089111
1390.000000 -29.616159 -1.349451 280.222076
1391.000000 -27.831144 -0.838365 280.311188
1392.000000 -26.022335 -0.525968 280.180298
1393.000000 -24.011158 -0.029703 280.387512
1394.000000 -21.978756 0.470026 280.072449
1395.000000 -19.732010 0.792771 300.145996
1396.000000 -17.268259 0.920691 300.425446
1397.000000 -14.573485 1.015840 300.245605
1398.000000 -14.573485 1.015840 300.474396
1399.000000 -14.573485 1.015840 300.312836
1400.000000 -14.573485 1.015840 300.276642
1401.000000 -14.573485 1.015840 300.560974
1402.000000 -14.573485 1.015840 300.008484
1403.000000 -14.573485 1.015840 300.542145
1404.000000 -14.573485 1.015840 300.098663
1405.000000 -14.573485 1.015840 300.019653
1406.000000 -14.573485 1.015840 300.167358
1407.000000 -14.573485 1.015840 300.296722
1408.000000 -14.573485 1.015840 300.550934
1409.000000 -14.573485 1.015840 300.460968
1410.000000 -11.833025 1.084656 300.476318
1411.000000 -14.573485 1.015840 300.514648
1412.000000 -12.026905 0.893406 300.135864
1413.000000 -14.573485 1.015840 300.035278
1414.000000 -11.833018 0.894371 300.337463
1415.000000 -14.573485 1.015840 300.533630
1416.000000 -11.642844 1.272778 300.371643
1417.000000 -14.573485 1.015840 300.503540
1418.000000 -12.026908 1.277795 300.021149
1419.000000 -14.573485 1.015840 300.234375
1420.000000 -11.833018 0.894371 300.340179
1421.000000 -14.573485 1.015840 300.037811
1422.000000 -11.642846 1.086902 300.284180
1423.000000 -14.573485 1.015840 300.546509
1424.000000 -11.833025 1.084656 300.223358
1425.000000 -14.573485 1.015840 300.025787
1426.000000 -11.642850 0.903093 300.333038
1427.000000 -8.664726 0.952777 300.523071
1428.000000 -5.657504 1.000381 300.518494
1429.000000 -2.640666 0.865954 300.202209
1430.000000 0.573993 0.908264 298.277039
1431.000000 -1.471135 0.761478 298.363708
1432.000000 -3.842329 0.608758 300.042603
1433.000000 -6.292395 0.744170 300.539978
1434.000000 -14.573485 1.015840 300.248413
1435.000000 -11.642850 0.903093 300.420532
1436.000000 -8.474685 0.951911 300.456635
1437.000000 -5.452261 0.998485 298.429657
1438.000000 -2.225345 1.248915 298.599060
1439.000000 0.703461 1.330508 300.513000
1440.000000 -1.512283 1.604406 298.087585
1441.000000 -3.870631 1.886232 300.324402
1442.000000 -6.253860 2.181792 300.517670
1443.000000 -14.573485 1.015840 300.135895
1444.000000 -11.642844 1.272778 300.491882
1445.000000 -8.664720 1.539265 300.487671
1446.000000 -6.693168 2.360704 300.594299
1447.000000 -8.176126 4.100911 300.445007
1448.000000 -9.866938 4.076767 300.009827
1449.000000 -11.596551 2.854521 300.034271
1450.000000 -13.350711 1.635794 300.194763
1451.000000 -15.306834 0.411117 300.254150
1452.000000 -14.573485 1.015840 300.410156
1453.000000 -11.833018 0.894371 300.415558
1454.000000 -9.064035 0.553734 300.220062
1455.000000 -6.437564 0.169614 304.379578
1456.000000 -8.382745 0.640519 304.124664
1457.000000 -10.352148 1.290817 304.290894
1458.000000 -10.352148 1.290817 304.062866
1459.000000 -10.352148 1.290817 304.262268
1460.000000 -10.352148 1.290817 304.302612
1461.000000 -10.352148 1.290817 304.256134
1462.000000 -10.352148 1.290817 304.394989
1463.000000 -10.352148 1.290817 304.505463
1464.000000 -10.352148 1.290817 304.492615
1465.000000 -10.352148 1.290817 304.207397
1466.000000 -10.352148 1.290817 304.218018
1467.000000 -10.352148 1.290817 304.329651
1468.000000 -10.352148 1.290817 304.559021
1469.000000 -10.352148 1.290817 304.449402
1470.000000 -12.144987 1.976414 304.340912
1471.000000 -10.352148 1.290817 304.337189
1472.000000 -12.533113 1.975161 304.258728
1473.000000 -10.352148 1.290817 304.252747
1474.000000 -12.144987 1.976414 304.072876
1475.000000 -10.352148 1.290817 304.411682
1476.000000 -12.339952 1.977369 304.119049
1477.000000 -10.352148 1.290817 304.499969
1478.000000 -12.533110 1.786199 304.156403
1479.000000 -10.352148 1.290817 304.535248
1480.000000 -12.339952 1.977369 304.554443
1481.000000 -10.352148 1.290817 304.244019
1482.000000 -12.144987 1.976414 304.369965
1483.000000 -10.352148 1.290817 304.321442
1484.000000 -12.339953 2.167824 304.386078
1485.000000 -10.352148 1.290817 304.307404
1486.000000 -12.144989 2.165831 304.170990
1487.000000 -13.732776 3.078452 304.378998
1488.000000 -15.093795 4.203596 304.189880
1489.000000 -16.410696 4.329507 304.480927
1490.000000 -17.894070 3.507292 304.351654
1491.000000 -19.388006 2.726812 304.277649
1492.000000 -20.702747 2.141739 302.436066
1493.000000 -22.004124 1.766902 304.336395
1494.000000 -10.352148 1.290817 304.578705
1495.000000 -12.533110 1.786199 304.154907
1496.000000 -14.740691 2.283227 304.425690
1497.000000 -17.162102 2.961846 304.568909
1498.000000 -19.801279 3.467889 304.337006
1499.000000 -22.482859 4.159579 304.153809
1500.000000 -24.995115 4.667227 302.366028
1501.000000 -27.304585 4.349530 304.073242
1502.000000 -29.388113 3.807480 304.464203
1503.000000 -10.352148 1.290817 304.271973
1504.000000 -12.144984 1.783868 304.179077
1505.000000 -14.119857 2.283072 304.581696
1506.000000 -16.289280 2.585122 304.232025
1507.000000 -18.298332 2.666203 304.171875
1508.000000 -20.505474 2.903389 302.384583
1509.000000 -22.912792 3.133500 302.546722
1510.000000 -25.545736 3.557354 302.115967
1511.000000 -28.223972 4.005681 304.431396
1512.000000 -10.352148 1.290817 304.596924
1513.000000 -12.533110 1.786199 304.181915
1514.000000 -14.740697 2.476078 304.184296
1515.000000 -16.969057 3.369051 304.250458
1516.000000 -19.009666 4.484378 304.241425
1517.000000 -21.034018 4.051431 304.108459
1518.000000 -23.039833 3.117422 304.046783
1519.000000 -25.233547 2.193784 304.552795
1520.000000 -27.636223 1.075262 308.123505
1521.000000 -29.883890 -0.264334 308.133789
1522.000000 -32.331158 -1.639087 308.447266
1523.000000 -32.331158 -1.639087 308.523987
1524.000000 -32.331158 -1.639087 308.075531
1525.000000 -32.331158 -1.639087 308.377594
1526.000000 -32.331158 -1.639087 308.147797
1527.000000 -32.331158 -1.639087 308.445648
1528.000000 -32.331158 -1.639087 308.045166
1529.000000 -32.331158 -1.639087 308.388733
1530.000000 -32.331158 -1.639087 308.412048
1531.000000 -32.331158 -1.639087 308.475128
1532.000000 -32.331158 -1.639087 308.536133
1533.000000 -32.331158 -1.639087 308.231476
1534.000000 -32.331158 -1.639087 308.042236
1535.000000 -34.979149 -2.579172 306.436462
1536.000000 -32.331158 -1.639087 308.274841
1537.000000 -34.787544 -2.708438 306.222626
1538.000000 -32.331158 -1.639087 308.029510
1539.000000 -34.979149 -2.579172 306.299438
1540.000000 -32.331158 -1.639087 308.262970
1541.000000 -34.787556 -2.451631 306.367737
1542.000000 -32.331158 -1.639087 308.260895
1543.000000 -34.979149 -2.579172 306.141235
1544.000000 -32.331158 -1.639087 308.223114
1545.000000 -34.979149 -2.579172 306.391693
1546.000000 -32.331158 -1.639087 308.390381
1547.000000 -34.592648 -2.576687 306.301056
1548.000000 -32.331158 -1.639087 308.484589
1549.000000 -34.592655 -2.450995 306.261841
1550.000000 -32.331158 -1.639087 308.084625
1551.000000 -34.787556 -2.451631 306.026245
1552.000000 -34.740898 -1.454489 308.310272
1553.000000 -33.271866 -0.116902 312.598572
1554.000000 -31.983603 0.960526 312.201202
1555.000000 -30.541706 1.830584 316.315491
1556.000000 -29.299788 2.669702 314.229279
1557.000000 -29.159651 2.628164 314.227783
1558.000000 -29.159651 2.628164 314.316498
1559.000000 -29.159651 2.628164 314.552856
1560.000000 -29.159651 2.628164 314.271057
1561.000000 -29.159651 2.628164 314.177582
1562.000000 -29.159651 2.628164 314.260315
1563.000000 -29.159651 2.628164 314.098450
1564.000000 -29.159651 2.628164 314.111359
1565.000000 -29.159651 2.628164 314.362854
1566.000000 -29.159651 2.628164 314.011017
1567.000000 -29.159651 2.628164 314.001251
1568.000000 -29.159651 2.628164 314.007507
1569.000000 -29.159651 2.628164 314.248901
1570.000000 -29.816450 2.868943 314.438263
1571.000000 -29.159651 2.628164 314.366058
1572.000000 -29.555519 3.412398 316.379852
1573.000000 -29.159651 2.628164 314.100220
1574.000000 -29.348944 2.276636 314.367889
1575.000000 -29.159651 2.628164 314.170807
1576.000000 -29.363691 2.277739 314.582153
1577.000000 -29.159651 2.628164 314.247192
1578.000000 -29.697250 2.887022 314.371857
1579.000000 -29.159651 2.628164 314.430206
1580.000000 -29.697250 2.887022 314.490143
1581.000000 -29.159651 2.628164 314.512970
1582.000000 -29.761230 2.875772 314.549591
1583.000000 -29.159651 2.628164 314.335999
1584.000000 -29.363691 2.277739 314.375977
1585.000000 -29.159651 2.628164 314.422302
1586.000000 -29.328791 2.282429 314.248169
1587.000000 -29.564854 1.889594 316.139282
1588.000000 -29.579723 1.509018 316.395203
1589.000000 -29.376402 0.953212 314.476410
1590.000000 -29.132193 0.574625 314.014435
1591.000000 -28.667225 0.385347 316.327179
1592.000000 -27.983234 0.406440 314.402435
1593.000000 -27.067511 0.279217 314.298553
1594.000000 -29.159651 2.628164 314.261871
1595.000000 -29.328791 2.282429 314.283234
1596.000000 -29.756153 1.713815 316.507385
1597.000000 -30.369820 0.945434 316.133453
1598.000000 -31.205088 0.151836 314.188812
1599.000000 -31.890123 -0.858702 314.410675
1600.000000 -32.581562 -2.083520 314.011688
1601.000000 -33.262810 -2.382170 316.282471
1602.000000 -33.940662 -1.557182 316.280975
1603.000000 -29.159651 2.628164 314.115784
1604.000000 -29.348944 2.276636 314.464020
1605.000000 -29.602524 1.943953 316.254364
1606.000000 -30.024731 1.638824 314.417542
1607.000000 -30.263905 1.544548 314.364075
1608.000000 -30.500122 1.666360 314.215881
1609.000000 -30.722639 1.829109 314.139374
1610.000000 -31.134602 2.018849 314.572784
1611.000000 -31.756039 2.030740 314.572235
1612.000000 -29.159651 2.628164 314.273682
1613.000000 -29.816450 2.868943 314.458435
1614.000000 -30.419571 2.813586 316.418213
1615.000000 -30.992767 2.582726 316.436584
1616.000000 -31.544973 2.128147 314.334106
1617.000000 -31.895714 1.821755 316.403168
1618.000000 -32.225559 1.315475 316.139648
1619.000000 -32.535221 0.799349 316.428772
1620.000000 -32.838188 0.267618 316.371674
1621.000000 -29.159651 2.628164 314.293793
1622.000000 -29.328791 2.282429 314.243408
1623.000000 -29.756153 1.713815 316.486237
1624.000000 -30.369820 0.945434 316.213623
1625.000000 -31.015129 0.145188 314.458282
1626.000000 -31.682766 -0.479873 314.330963
1627.000000 -32.163181 -1.285758 314.069000
1628.000000 -32.435204 -2.091164 314.373016
1629.000000 -32.670013 -2.666932 314.110046
1630.000000 -29.159651 2.628164 314.246948
1631.000000 -29.555519 3.412398 316.342468
1632.000000 -29.764061 4.229298 316.038422
1633.000000 -29.774769 4.550757 316.490295
1634.000000 -29.946714 4.004459 314.495239
1635.000000 -30.114086 3.570105 316.024994
1636.000000 -30.097536 2.961812 316.567535
1637.000000 -29.873598 2.159016 314.519623
1638.000000 -29.807058 1.129373 316.567596
1639.000000 -29.159651 2.628164 314.085449
1640.000000 -29.363691 2.277739 314.001862
1641.000000 -29.825260 1.820713 316.305176
1642.000000 -30.086357 1.577737 314.054138
1643.000000 -30.146717 1.542028 314.263184
1644.000000 -30.367107 1.737960 314.151398
1645.000000 -30.582560 2.169821 316.129700
1646.000000 -31.002335 2.832790 314.261597
1647.000000 -31.251364 3.735810 316.333618
1648.000000 -29.159651 2.628164 314.003082
1649.000000 -29.761230 2.875772 314.104889
1650.000000 -30.329487 3.131995 316.266327
1651.000000 -30.665655 3.431342 316.086182
1652.000000 -30.771484 3.934815 314.267242
1653.000000 -31.025764 4.655921 316.382141
1654.000000 -31.464045 4.230932 316.526581
1655.000000 -32.122608 3.601182 316.394012
1656.000000 -33.013470 2.979830 316.303925
1657.000000 -29.159651 2.628164 314.596771
1658.000000 -29.559971 3.314930 316.438965
1659.000000 -30.157860 3.797052 316.379700
1660.000000 -30.596495 4.423144 316.455902
1661.000000 -31.233543 4.427756 316.046417
1662.000000 -32.070873 3.944955 316.098328
1663.000000 -32.749969 3.313665 316.305695
1664.000000 -33.433239 2.480550 316.022217
1665.000000 -34.299660 1.612265 316.133698
1666.000000 -29.159651 2.628164 314.029633
1667.000000 -29.816450 2.868943 314.020294
1668.000000 -30.438719 3.166980 316.505890
1669.000000 -31.216438 3.339209 316.378418
1670.000000 -31.797913 3.323187 316.198029
1671.000000 -32.567017 3.471428 316.474335
1672.000000 -33.340687 3.616441 314.403625
1673.000000 -33.933304 3.580158 314.148712
1674.000000 -34.319431 3.532274 316.537231
1675.000000 -29.159651 2.628164 314.296112
1676.000000 -29.761230 2.875772 314.328339
1677.000000 -30.329487 3.131995 316.589081
1678.000000 -31.051908 3.244169 316.063751
1679.000000 -31.578083 3.161678 316.556946
1680.000000 -32.291893 3.241287 316.223846
1681.000000 -32.815334 3.123338 316.119232
1682.000000 -33.333618 3.191897 314.435242
1683.000000 -34.031647 3.264636 316.506012
1684.000000 -29.159651 2.628164 314.459900
1685.000000 -29.761230 2.875772 314.571808
1686.000000 -30.329487 3.131995 316.568420
1687.000000 -31.051908 3.244169 316.487427
1688.000000 -31.578085 3.352689 316.381104
1689.000000 -32.097355 3.644450 316.143097
1690.000000 -32.795727 4.140091 316.370361
1691.000000 -33.314175 4.673666 316.387054
1692.000000 -33.637356 4.344322 316.006775
1693.000000 -29.159651 2.628164 314.477661
1694.000000 -29.697250 2.887022 314.041351
1695.000000 -30.382528 2.938213 316.264435
1696.000000 -30.856377 2.989108 316.177734
1697.000000 -31.504528 3.227402 316.549103
1698.000000 -32.344662 3.292400 316.027588
1699.000000 -33.217873 3.544628 314.363983
1700.000000 -34.113873 3.998463 316.159760
1701.000000 -34.822803 4.292853 316.181763
1702.000000 -35.515705 4.401293 314.310944
1703.000000 -36.384491 4.479744 316.422089
1704.000000 -37.072193 4.532604 314.039612
1705.000000 -37.564350 4.580163 314.335480
1706.000000 -38.024418 4.433143 316.046234
1707.000000 -38.654907 4.266473 316.575989
1708.000000 -39.488701 3.895704 316.216095
1709.000000 -40.165398 3.683952 316.440277
1710.000000 -41.041103 3.283385 316.071075
1711.000000 -41.925678 2.872087 316.532288
1712.000000 -43.018799 2.260276 314.386749
1713.000000 -43.942772 1.616627 316.219025
1714.000000 -44.674484 0.768745 316.303040
1715.000000 -45.569695 0.086302 316.010651
1716.000000 -46.461060 -0.791539 316.564880
1717.000000 -29.159651 2.628164 314.561646
1718.000000 -29.559971 3.314930 316.562714
1719.000000 -30.157860 3.797052 316.295746
1720.000000 -30.790836 4.046216 316.544159
1721.000000 -31.640116 4.254128 316.437103
1722.000000 -32.323303 4.430888 316.452972
1723.000000 -32.815037 4.601389 316.335266
1724.000000 -33.276325 4.576730 316.032196
1725.000000 -33.908569 4.532250 316.011536
1726.000000 -34.744316 4.656243 316.047516
1727.000000 -35.806808 4.639964 314.109741
1728.000000 -36.720982 4.760870 316.407135
1729.000000 -37.642094 4.684424 314.459595
1730.000000 -38.747414 4.736368 316.582642
1731.000000 -40.060467 4.589942 314.571228
1732.000000 -41.601650 4.258631 316.163055
1733.000000 -42.995125 3.694669 314.315369
1734.000000 -44.201942 2.909695 316.300079
1735.000000 -45.380314 2.076965 316.202240
1736.000000 -46.535927 1.216039 316.253998
1737.000000 -47.683941 0.345626 316.340393
1738.000000 -49.023418 -0.335922 314.244995
1739.000000 -50.382103 -0.809237 314.550232
1740.000000 -51.952412 -1.434875 314.562103
1741.000000 -29.159651 2.628164 314.484375
1742.000000 -29.328791 2.282429 314.440186
1743.000000 -29.756153 1.713815 316.249115
1744.000000 -29.982401 1.323196 316.048981
1745.000000 -30.007917 0.942386 316.163208
1746.000000 -30.193466 0.580242 316.397308
1747.000000 -30.179054 0.222388 314.230865
1748.000000 -30.156597 -0.132758 314.470795
1749.000000 -30.312838 -0.486314 314.430054
1750.000000 -30.483810 -0.841426 314.587830
1751.000000 -30.865070 -1.383618 316.277161
1752.000000 -31.077873 -1.952167 314.089722
1753.000000 -31.486517 -2.534981 316.036163
1754.000000 -31.707891 -2.458031 316.083801
1755.000000 -31.731989 -2.181912 314.336823
1756.000000 -31.723305 -2.132333 314.003265
1757.000000 -31.496460 -2.312558 314.363861
1758.000000 -31.437366 -2.541734 314.303314
1759.000000 -31.568169 -2.744656 314.252502
1760.000000 -31.921207 -2.623000 314.426941
1761.000000 -32.124237 -2.639383 314.126495
1762.000000 -32.140079 -2.672211 314.220459
1763.000000 -31.935745 -2.535361 314.590515
1764.000000 -31.883787 -2.194175 314.314301
1765.000000 -29.159651 2.628164 314.020966
1766.000000 -29.555519 3.412398 316.339874
1767.000000 -29.764061 4.229298 316.225433
1768.000000 -29.967806 4.700482 316.179993
1769.000000 -30.351429 4.183512 316.263184
1770.000000 -30.941397 3.785500 316.165344
1771.000000 -31.375378 3.398716 316.120728
1772.000000 -31.814175 2.824194 314.270599
1773.000000 -32.242165 2.039985 316.249359
1774.000000 -32.666576 1.409749 316.510468
1775.000000 -33.089771 0.775012 314.362213
1776.000000 -33.317886 0.342312 314.394196
1777.000000 -33.335098 -0.260751 314.168549
1778.000000 -33.123466 -0.671925 314.096222
1779.000000 -32.676685 -0.897233 316.414978
1780.000000 -31.992651 -1.094008 314.471680
1781.000000 -31.454432 -1.455652 314.248993
1782.000000 -30.711742 -1.831546 316.173798
1783.000000 -29.959621 -2.221788 316.051453
1784.000000 -29.385706 -2.424891 316.539642
1785.000000 -29.017590 -2.613729 314.062653
1786.000000 -28.493280 -2.752523 316.553223
1787.000000 -28.168232 -2.755893 316.223846
1788.000000 -27.852179 -2.706012 316.468567
1789.000000 -29.159651 2.628164 314.270020
1790.000000 -29.550449 3.510990 316.099518
1791.000000 -30.142763 4.667818 316.093628
1792.000000 -30.575813 3.925737 316.069946
1793.000000 -30.819225 2.996168 316.248901
1794.000000 -31.032957 2.076150 314.503510
1795.000000 -31.223463 1.146187 316.540161
1796.000000 -31.211798 0.404642 314.426788
1797.000000 -31.178986 -0.319943 314.025604
1798.000000 -30.931847 -1.025928 316.473999
1799.000000 -30.853788 -1.531860 316.559967
1800.000000 -30.966043 -1.833452 314.040833
1801.000000 -30.916349 -1.902977 314.231842
1802.000000 -30.676308 -2.122089 316.511780
1803.000000 -30.214901 -2.141712 316.333618
1804.000000 -29.711416 -1.962873 314.366119
1805.000000 -29.180597 -1.748097 314.246521
1806.000000 -28.834864 -1.317516 316.019348
1807.000000 -28.506107 -0.669794 316.598541
1808.000000 -28.388298 -0.171353 316.514740
1809.000000 -28.487257 0.151039 314.058533
1810.000000 -28.628256 0.250100 314.377594
1811.000000 -28.794809 0.305942 314.139252
1812.000000 -28.775223 0.145905 314.015778
1813.000000 -29.159651 2.628164 314.020325
1814.000000 -29.550449 3.510990 316.201385
1815.000000 -29.950943 4.675938 316.533905
1816.000000 -30.170734 3.917400 316.225403
1817.000000 -30.376654 3.363391 316.404694
1818.000000 -30.370718 2.665159 316.437164
1819.000000 -30.148565 1.979064 314.195770
1820.000000 -29.695669 1.283712 316.255859
1821.000000 -29.197197 0.393585 314.073395
1822.000000 -28.476477 -0.702516 316.047546
1823.000000 -27.536274 -2.014853 316.483429
1824.000000 -26.554684 -2.366066 316.338593
1825.000000 -25.740450 -1.400936 316.536987
1826.000000 -25.128563 -0.526757 316.218719
1827.000000 -24.743015 0.529081 314.275146
1828.000000 -24.209051 1.399607 316.477905
1829.000000 -23.488289 2.267179 316.286835
1830.000000 -22.547520 2.935637 316.403778
1831.000000 -21.565178 3.579039 316.303284
1832.000000 -20.555662 4.396086 316.126678
1833.000000 -19.342695 4.312174 314.480164
1834.000000 -18.108154 3.562277 316.132507
1835.000000 -16.853212 2.817534 316.304077
1836.000000 -15.591498 2.256570 316.091797
1837.000000 -29.159651 2.628164 314.533997
1838.000000 -29.559971 3.314930 316.455414
1839.000000 -30.157862 3.980641 316.255249
1840.000000 -30.790834 4.729634 316.518097
1841.000000 -31.252207 4.110064 316.556885
1842.000000 -31.702772 3.839876 316.222717
1843.000000 -32.331062 3.614017 316.244049
1844.000000 -32.778908 3.221515 316.093719
1845.000000 -33.031391 2.821918 316.107544
1846.000000 -33.060627 2.407376 316.169128
1847.000000 -33.241039 2.180598 314.467896
1848.000000 -33.218658 2.161806 314.466553
1849.000000 -33.381893 1.988605 316.017059
1850.000000 -33.353992 1.626788 316.312836
1851.000000 -33.127735 1.055134 314.090820
1852.000000 -32.868263 0.631925 316.454926
1853.000000 -32.778847 0.393520 316.578796
1854.000000 -32.892616 -0.005653 314.551300
1855.000000 -33.043499 -0.595536 314.129944
1856.000000 -33.023426 -1.217928 316.386719
1857.000000 -33.187271 -1.860121 316.474731
1858.000000 -33.546310 -2.696572 316.182281
1859.000000 -34.129322 -2.293879 314.534332
1860.000000 -34.757011 -1.558855 314.586395
1861.000000 -29.159651 2.628164 314.474976
1862.000000 -29.761230 2.875772 314.017944
1863.000000 -30.309652 2.777275 316.201782
1864.000000 -30.635338 2.867613 316.139923
1865.000000 -31.115370 3.149842 316.054474
1866.000000 -31.588623 3.270710 316.185364
1867.000000 -32.072109 3.202320 316.386017
1868.000000 -32.559063 3.295801 316.509369
1869.000000 -33.241020 3.196637 314.113220
1870.000000 -33.748775 2.893220 316.421509
1871.000000 -34.256161 2.557178 316.583344
1872.000000 -34.945023 2.008988 316.570404
1873.000000 -35.840752 1.252023 316.048889
1874.000000 -36.580677 0.636530 316.448792
1875.000000 -37.131916 0.207408 316.286591
1876.000000 -37.653812 -0.385963 316.165863
1877.000000 -38.347046 -0.782268 316.453705
1878.000000 -39.243885 -1.359922 314.117676
1879.000000 -40.177982 -1.946375 316.072784
1880.000000 -41.329025 -2.353903 316.160767
1881.000000 -42.508751 -2.655582 316.521149
1882.000000 -43.709904 -2.335517 316.491058
1883.000000 -44.723518 -1.975266 316.439667
1884.000000 -45.720955 -1.811342 314.289032
1885.000000 -29.159651 2.628164 314.293488
1886.000000 -29.761230 2.875772 314.157837
1887.000000 -30.309652 2.777275 316.170441
1888.000000 -30.635334 2.679795 316.376678
1889.000000 -31.115366 2.562290 314.596039
1890.000000 -31.781166 2.251173 314.277313
1891.000000 -32.667820 2.104370 316.284882
1892.000000 -33.598003 1.767307 316.302460
1893.000000 -34.746975 1.614012 316.275757
1894.000000 -35.730839 1.465930 316.431854
1895.000000 -36.716953 1.138685 316.291626
1896.000000 -37.496906 0.609074 316.265045
1897.000000 -38.062504 -0.135306 316.169708
1898.000000 -38.588638 -0.926614 316.057861
1899.000000 -39.088314 -1.550958 314.362579
1900.000000 -39.579208 -2.359571 316.484680
1901.000000 -39.872585 -2.510290 316.479370
1902.000000 -40.146385 -2.088535 316.495514
1903.000000 -40.206379 -1.689467 316.411285
1904.000000 -40.049553 -1.121145 316.242188
1905.000000 -39.852352 -0.351574 314.045807
1906.000000 -39.822842 0.454997 314.589172
1907.000000 -39.995796 1.098552 316.561371
1908.000000 -40.395103 1.731577 316.446198
1909.000000 -29.159651 2.628164 314.535706
1910.000000 -29.559971 3.314930 316.382019
1911.000000 -29.966045 4.168968 316.509827
1912.000000 -30.386354 4.573696 316.369293
1913.000000 -31.005213 3.987372 316.546326
1914.000000 -31.836573 3.337111 316.092072
1915.000000 -32.708427 2.494130 316.094910
1916.000000 -33.605343 1.811818 316.547607
1917.000000 -34.704388 0.937627 316.468048
1918.000000 -35.631889 0.243741 316.474304
1919.000000 -36.754307 -0.442815 316.140228
1920.000000 -37.689163 -1.310105 314.016907
1921.000000 -38.814236 -2.190386 316.482086
1922.000000 -39.749905 -2.675781 316.509644
1923.000000 -40.680717 -2.211291 316.560150
1924.000000 -41.791370 -1.936606 314.100647
1925.000000 -42.722355 -1.890530 316.272919
1926.000000 -43.845905 -1.692427 314.219330
1927.000000 -45.167667 -1.502262 314.335297
1928.000000 -46.524723 -1.303494 314.249390
1929.000000 -47.905247 -1.293996 316.377869
1930.000000 -49.098919 -1.492412 314.374664
1931.000000 -50.084335 -1.723675 316.417633
1932.000000 -51.226753 -2.171990 316.476105
1933.000000 -29.159651 2.628164 314.079987
1934.000000 -29.697250 2.887022 314.118256
1935.000000 -30.382528 2.938213 316.172028
1936.000000 -30.856380 2.798644 316.166565
1937.000000 -31.310104 2.633267 314.380096
1938.000000 -31.938276 2.639789 314.595062
1939.000000 -32.771046 2.469017 316.303864
1940.000000 -33.830898 2.480502 316.518127
1941.000000 -34.742615 2.692661 316.350281
1942.000000 -35.467617 2.745101 316.186127
1943.000000 -36.164116 2.803364 316.126312
1944.000000 -37.032234 2.851587 316.008942
1945.000000 -37.912640 3.087552 316.501099
1946.000000 -38.809345 3.534423 316.049072
1947.000000 -39.905277 4.017798 314.551697
1948.000000 -41.023247 4.717881 316.308075
1949.000000 -42.353672 4.261319 316.496063
1950.000000 -43.901390 3.622788 314.138855
1951.000000 -45.297264 2.964325 316.232300
1952.000000 -46.699081 2.100787 314.178955
1953.000000 -47.896130 1.025017 314.189575
1954.000000 -48.879242 0.101309 316.474548
1955.000000 -49.823063 -0.830201 314.311462
1956.000000 -50.740471 -1.750791 316.367371
1957.000000 -29.159651 2.628164 314.297699
1958.000000 -29.550449 3.510990 316.402039
1959.000000 -29.755999 4.676278 316.180786
1960.000000 -29.956768 3.917053 314.160675
1961.000000 -29.948856 2.984297 314.287994
1962.000000 -29.725763 2.062796 314.507629
1963.000000 -29.656971 0.939516 314.041962
1964.000000 -29.581385 -0.016026 314.542847
1965.000000 -29.321159 -0.779849 314.528168
1966.000000 -28.853329 -1.705914 316.181244
1967.000000 -28.157804 -2.623881 316.291504
1968.000000 -27.611763 -2.271605 316.300934
1969.000000 -26.862387 -1.464744 316.590424
1970.000000 -26.298452 -0.812528 314.212128
1971.000000 -25.930223 0.027912 316.297699
1972.000000 -25.402056 0.682435 316.184479
1973.000000 -24.684072 1.334481 316.399445
1974.000000 -23.744926 1.787549 316.503571
1975.000000 -22.573298 2.038834 316.480011
1976.000000 -21.355433 2.060529 316.212280
1977.000000 -20.108892 2.033740 314.482269
1978.000000 -18.658407 2.172220 316.087219
1979.000000 -17.380617 2.321229 316.288757
1980.000000 -15.907095 2.291929 316.173859
1981.000000 -29.159651 2.628164 314.176880
1982.000000 -29.363691 2.277739 314.288666
1983.000000 -29.632029 1.999011 316.152832
1984.000000 -29.874657 1.573562 316.116394
1985.000000 -30.303387 1.155539 314.433441
1986.000000 -30.940472 0.726958 316.353851
1987.000000 -31.422344 0.292194 314.170135
1988.000000 -31.715643 0.048605 314.595276
1989.000000 -32.173969 -0.368351 316.538055
1990.000000 -32.433971 -0.979589 316.382111
1991.000000 -32.493576 -1.617781 314.489471
1992.000000 -32.713341 -2.279489 314.318542
1993.000000 -33.120628 -2.643948 316.575653
1994.000000 -33.749374 -2.252141 316.428284
1995.000000 -34.610802 -1.879979 314.595947
1996.000000 -35.708683 -1.707524 314.082306
1997.000000 -36.662018 -1.377535 316.213837
1998.000000 -37.429558 -0.856524 316.533112
1999.000000 -38.363281 -0.303409 316.230042
2000.000000 -39.294090 0.465570 314.220734
2001.000000 -40.429848 1.260460 316.045502
2002.000000 -41.780258 2.260957 316.507568
2003.000000 -42.977833 3.291114 314.389954
2004.000000 -44.181080 4.342641 316.546173
2005.000000 -45.568054 4.409623 316.318451
2006.000000 -46.971523 3.681310 314.442047
2007.000000 -48.392597 2.779757 320.392487
2008.000000 -49.819656 1.851244 318.348053
2009.000000 -51.248730 1.096904 320.346222
2010.000000 -51.248730 1.096904 320.205078
2011.000000 -51.248730 1.096904 320.288666
2012.000000 -51.248730 1.096904 320.334595
2013.000000 -51.248730 1.096904 320.489594
2014.000000 -51.248730 1.096904 320.312439
2015.000000 -51.248730 1.096904 320.381958
2016.000000 -51.248730 1.096904 320.219604
2017.000000 -51.248730 1.096904 320.495911
2018.000000 -51.248730 1.096904 320.316956
2019.000000 -51.248730 1.096904 320.030182
2020.000000 -51.248730 1.096904 320.473114
2021.000000 -51.248730 1.096904 320.201416
2022.000000 -52.872330 0.542995 318.496246
2023.000000 -51.248730 1.096904 320.086334
2024.000000 -52.678474 0.354919 318.187286
2025.000000 -51.248730 1.096904 320.287567
2026.000000 -52.483788 0.161409 318.518555
2027.000000 -51.248730 1.096904 320.228424
2028.000000 -52.678463 0.160730 318.562134
2029.000000 -51.248730 1.096904 320.531250
2030.000000 -52.678455 0.547195 318.131775
2031.000000 -51.248730 1.096904 320.050934
2032.000000 -52.483765 0.353548 318.143097
2033.000000 -51.248730 1.096904 320.351288
2034.000000 -52.872330 0.354377 318.507568
2035.000000 -51.248730 1.096904 320.269684
2036.000000 -52.678455 0.547195 318.486359
2037.000000 -51.248730 1.096904 320.095398
