5950 5 -1.000000 1.000000 -1.220095 1.000000 0.000000 -1.068403 0.576490 
5925 1 -1.000000 1.000000 -1.540443 1.000000 0.000000 -1.201177 0.527180 
5950 8 -1.000000 1.000000 -1.220095 1.000000 0.000000 -1.068403 0.562100 
5925 7 -1.000000 1.000000 -1.540443 1.000000 0.000000 -1.201177 0.507300 
5950 1 -1.000000 1.000000 -1.220095 1.000000 0.000000 -1.068403 0.557910 
5925 6 -1.000000 1.000000 -1.540443 1.038065 0.368720 -1.202106 0.486500 
5950 0 -1.000000 1.000000 -1.220095 1.000000 0.000000 -1.068403 0.571620 
5925 3 -1.000000 1.000000 -1.578484 1.000000 0.000000 -1.592242 0.389280 
5950 8 -1.000000 1.000000 -1.220095 1.000000 0.000000 -1.068403 0.583920 
5925 5 -1.000000 1.000000 -1.540443 1.000000 0.000000 -1.201177 0.528610 
5950 8 -1.000000 1.000000 -1.220095 1.000000 0.000000 -1.068403 0.520160 
5925 1 -1.000000 1.000000 -1.540443 1.000000 0.000000 -1.201177 0.419850 
5950 4 -1.000000 1.000000 -1.220095 1.000000 0.000000 -1.068403 0.593490 
5925 2 -1.000000 1.000000 -1.615635 1.000000 0.000000 -1.981741 0.563820 
5950 7 -1.000000 1.000000 -1.220095 1.000000 0.000000 -1.068403 0.555730 
5925 3 -1.000000 0.000000 -1.540443 0.961935 -0.368720 -1.202106 0.584840 
5950 6 -1.000000 1.000000 -1.220095 1.000000 0.000000 -1.068403 0.560090 
5925 5 -1.000000 0.000000 -1.578484 0.962404 -0.366668 -1.593322 0.527560 
5950 4 -1.000000 1.000000 -1.220095 1.000000 0.000000 -1.068403 0.550330 
5925 8 -1.000000 1.000000 -1.615635 1.000000 0.000000 -1.981741 0.586850 
5950 8 -1.000000 1.000000 -1.220095 1.000000 0.000000 -1.068403 0.587760 
5925 7 -1.000000 1.000000 -1.540443 1.000000 0.000000 -1.201177 0.557280 
5950 6 -1.000000 1.000000 -1.220095 1.000000 0.000000 -1.068403 0.569050 
5925 3 -1.000000 0.000000 -1.578484 0.962404 -0.366668 -1.593322 0.594240 
5950 4 -1.000000 1.000000 -1.220095 1.000000 0.000000 -1.068403 0.514980 
5925 3 -1.000000 1.000000 -1.615635 1.000000 0.000000 -1.981741 0.591260 
5950 7 -1.000000 1.000000 -1.220095 1.000000 0.000000 -1.068403 0.551120 
5925 2 -1.000000 0.000000 -1.540443 0.961935 -0.368720 -1.202106 0.532290 
5950 7 -1.000000 1.000000 -1.220095 1.000000 0.000000 -1.068403 0.536990 
5925 3 -1.000000 0.000000 -1.540443 0.961935 -0.368720 -1.202106 0.587560 
5950 3 -1.000000 1.000000 -1.220095 1.000000 0.000000 -1.068403 0.575010 
5925 0 -1.000000 1.000000 -1.615635 1.036296 0.353050 -1.982928 0.510110 
5950 8 -1.000000 1.000000 -1.220095 1.000000 0.000000 -1.068403 0.393740 
5925 6 -1.000000 1.000000 -1.540443 1.000000 0.000000 -1.201177 0.580980 
5950 7 -1.000000 1.000000 -1.220095 1.000000 0.000000 -1.068403 0.534460 
5925 2 -1.000000 0.000000 -1.540443 0.961935 -0.368720 -1.202106 0.453580 
5900 5 -1.000000 0.000000 -1.818078 0.844452 -0.361220 -0.972759 0.596070 
5875 2 -2.000000 0.000000 -2.102389 0.750155 -0.481280 -1.266071 0.569110 
5950 7 -1.000000 1.000000 -1.220095 1.000000 0.000000 -1.068403 0.599010 
5925 4 -1.000000 0.000000 -1.540443 0.961935 -0.368720 -1.202106 0.467770 
5900 8 -1.000000 0.000000 -1.856435 0.806239 -0.735196 -1.352931 0.597300 
5875 6 -2.000000 0.000000 -2.220840 0.593833 -0.852716 -1.254836 0.515100 
5950 7 -1.000000 1.000000 -1.220095 1.000000 0.000000 -1.068403 0.494580 
5925 1 -1.000000 0.000000 -1.540443 0.961935 -0.368720 -1.202106 0.595650 
5900 0 -1.000000 0.000000 -1.780094 0.844433 -0.362410 -0.602934 0.578950 
5875 1 -1.000000 0.000000 -1.870664 0.786644 -0.124269 -0.174450 0.591500 
5950 8 -1.000000 1.000000 -1.220095 1.000000 0.000000 -1.068403 0.368750 
5925 4 -1.000000 1.000000 -1.540443 1.000000 0.000000 -1.201177 0.517260 
5900 1 -1.000000 1.000000 -1.856436 1.000000 0.000000 -1.347818 0.515280 
5875 3 -2.000000 1.000000 -2.220840 1.038155 0.365545 -1.255863 0.586360 
5950 4 -1.000000 1.000000 -1.220095 1.000000 0.000000 -1.068403 0.569920 
5925 7 -1.000000 1.000000 -1.615635 1.000000 0.000000 -1.981741 0.593010 
5900 8 -2.000000 0.000000 -2.165009 0.961985 -0.370833 -2.159079 0.538020 
5875 7 -2.000000 0.000000 -2.640376 0.807123 -0.724767 -1.492858 0.439760 
5950 5 -1.000000 1.000000 -1.220095 1.000000 0.000000 -1.068403 0.569740 
5925 1 -1.000000 0.000000 -1.615635 0.963704 -0.353050 -1.982928 0.538030 
5900 5 -2.000000 0.000000 -2.165009 0.851614 -0.355604 -2.162176 0.543190 
5875 0 -2.000000 0.000000 -2.716752 0.762601 -0.472682 -2.239400 0.543080 
5950 3 -1.000000 1.000000 -1.220095 1.000000 0.000000 -1.068403 0.280710 
5925 3 -1.000000 1.000000 -1.615635 1.036296 0.353050 -1.982928 0.519880 
5900 2 -2.000000 1.000000 -2.239943 1.219482 1.076462 -3.008699 0.525560 
5875 2 -3.000000 1.000000 -3.062466 1.604575 1.996723 -3.551537 0.500440 
5950 1 -1.000000 1.000000 -1.220095 1.000000 0.000000 -1.068403 0.577770 
5925 8 -1.000000 1.000000 -1.540443 1.038065 0.368720 -1.202106 0.545020 
5900 4 -1.000000 1.000000 -1.780094 1.192887 0.722847 -0.604672 0.574670 
5875 0 -1.000000 1.000000 -1.908798 1.403531 0.841739 -0.535308 0.590930 
5950 7 -1.000000 1.000000 -1.220095 1.000000 0.000000 -1.068403 0.530480 
5925 1 -1.000000 0.000000 -1.540443 0.961935 -0.368720 -1.202106 0.550100 
5900 7 -1.000000 0.000000 -1.780094 0.844433 -0.362410 -0.602934 0.556030 
5875 5 -1.000000 0.000000 -1.833325 0.749229 -0.486353 0.200798 0.594120 
5950 4 -1.000000 1.000000 -1.220095 1.000000 0.000000 -1.068403 0.506860 
5925 5 -1.000000 1.000000 -1.615635 1.000000 0.000000 -1.981741 0.545160 
5900 6 -2.000000 0.000000 -2.239943 0.963909 -0.353659 -2.988199 0.596850 
5875 7 -3.000000 0.000000 -3.062465 0.778507 -1.104396 -3.507937 0.592230 
5950 8 -1.000000 1.000000 -1.220095 1.000000 0.000000 -1.068403 0.549170 
5925 3 -1.000000 1.000000 -1.540443 1.000000 0.000000 -1.201177 0.441620 
5900 8 -1.000000 1.000000 -1.856436 1.038122 0.367000 -1.348449 0.501530 
5875 5 -2.000000 1.000000 -2.220841 1.193386 0.726363 -1.255236 0.459740 
5950 8 -1.000000 1.000000 -1.220095 1.000000 0.000000 -1.068403 0.599850 
5925 4 -1.000000 1.000000 -1.540443 1.000000 0.000000 -1.201177 0.525390 
5900 5 -1.000000 1.000000 -1.856436 1.000000 0.000000 -1.347818 0.536720 
5875 7 -2.000000 0.000000 -2.296901 0.962932 -0.356004 -1.989930 0.567460 
5950 4 -1.000000 1.000000 -1.220095 1.000000 0.000000 -1.068403 0.581190 
5925 2 -1.000000 1.000000 -1.615635 1.000000 0.000000 -1.981741 0.554600 
5900 7 -2.000000 1.000000 -2.202960 1.037467 0.368069 -2.573129 0.446920 
5875 0 -2.000000 1.000000 -2.834292 1.154042 0.367697 -2.251453 0.563370 
5950 2 -1.000000 1.000000 -1.220095 1.000000 0.000000 -1.068403 0.525480 
5925 4 -1.000000 1.000000 -1.578484 1.037596 0.366668 -1.593322 0.569000 
5900 3 -2.000000 1.000000 -2.050628 1.191754 0.739828 -2.143859 0.550780 
5875 7 -2.000000 1.000000 -2.703212 1.437680 1.241283 -2.908010 0.508230 
5950 7 -1.000000 1.000000 -1.220095 1.000000 0.000000 -1.068403 0.584100 
5925 8 -1.000000 0.000000 -1.540443 0.961935 -0.368720 -1.202106 0.539240 
5900 4 -1.000000 0.000000 -1.780094 0.807113 -0.722847 -0.604672 0.576470 
5875 6 -1.000000 0.000000 -1.908798 0.596469 -0.841739 -0.535308 0.575520 
5950 3 -1.000000 1.000000 -1.220095 1.000000 0.000000 -1.068403 0.540510 
5925 0 -1.000000 1.000000 -1.615635 1.036296 0.353050 -1.982928 0.434770 
5900 2 -2.000000 1.000000 -2.202960 1.185541 0.730505 -2.582664 0.581980 
5875 3 -2.000000 1.000000 -2.872654 1.429230 1.234654 -2.655261 0.491450 
5950 1 -1.000000 1.000000 -1.220095 1.000000 0.000000 -1.068403 0.599750 
5925 5 -1.000000 1.000000 -1.540443 1.038065 0.368720 -1.202106 0.580670 
5900 6 -1.000000 1.000000 -1.856435 1.155700 0.365715 -1.349952 0.498830 
5875 1 -2.000000 1.000000 -2.259143 1.175051 -0.241107 -1.624787 0.526160 
5950 6 -1.000000 1.000000 -1.220095 1.000000 0.000000 -1.068403 0.550210 
5925 8 -1.000000 0.000000 -1.578484 0.962404 -0.366668 -1.593322 0.548100 
5900 0 -1.000000 0.000000 -1.974201 0.807543 -0.733665 -1.360371 0.575220 
5875 1 -2.000000 0.000000 -2.277079 0.596136 -0.844378 -1.013899 0.525890 
5850 5 -2.000000 0.000000 -2.493235 0.403351 -0.514268 -0.565509 0.553800 
5825 4 -2.000000 0.000000 -2.613499 0.282238 -0.548598 -0.562393 0.590000 
5800 6 -2.000000 0.000000 -2.827607 0.098546 -0.789433 -1.119225 0.596290 
5775 1 -3.000000 0.000000 -3.195135 -0.160381 -1.214965 -1.654925 0.554020 
5750 1 -3.000000 0.000000 -3.593435 -0.511363 -1.271685 -1.528222 0.527980 
5725 8 -3.000000 0.000000 -3.858986 -0.770112 -0.676772 -0.669110 0.553290 
5700 5 -3.000000 0.000000 -3.921083 -0.881720 -0.255002 0.182733 0.590060 
5675 6 -3.000000 0.000000 -3.831433 -0.964931 -0.470609 0.385795 0.563530 
5650 6 -3.000000 -1.000000 -3.778503 -1.180394 -1.155928 0.165499 0.530270 
5625 2 -3.000000 -1.000000 -3.755219 -1.599092 -2.033740 0.031837 0.362220 
5600 5 -3.000000 -2.000000 -3.741897 -2.169509 -2.168416 -0.090386 0.540550 
5950 5 -1.000000 1.000000 -1.220095 1.000000 0.000000 -1.068403 0.583550 
5925 6 -1.000000 0.000000 -1.615635 0.963704 -0.353050 -1.982928 0.514260 
5900 2 -2.000000 0.000000 -2.202960 0.777706 -1.094641 -2.592144 0.543000 
5875 1 -2.000000 0.000000 -2.872655 0.457449 -1.235091 -2.662210 0.382240 
5850 3 -3.000000 0.000000 -3.531773 0.217004 -0.598450 -2.276931 0.270240 
5825 7 -4.000000 0.000000 -4.120309 0.161032 0.097811 -2.423707 0.584740 
5800 5 -4.000000 0.000000 -4.735002 0.250331 0.219184 -2.222016 0.437540 
5775 8 -5.000000 0.000000 -5.308589 0.263373 -0.256451 -2.268301 0.438810 
5750 2 -5.000000 0.000000 -5.625973 0.129498 -0.605645 1.816221 0.473200 
5725 0 -5.000000 0.000000 -5.132852 -0.032981 -0.123242 2.777961 0.595580 
5700 3 -4.000000 0.000000 -4.596820 -0.099952 0.226820 2.742886 0.467200 
5675 1 -4.000000 0.000000 -4.084681 -0.079704 0.330006 1.712412 0.581810 
5650 7 -3.000000 0.000000 -3.647558 0.110613 1.333005 2.162897 0.530690 
5625 2 -3.000000 0.000000 -3.109553 0.440875 1.408194 3.186170 0.578100 
5600 0 -2.000000 0.000000 -2.415805 0.769696 1.391845 3.270148 0.512290 
5950 5 -1.000000 1.000000 -1.220095 1.000000 0.000000 -1.068403 0.516500 
5925 6 -1.000000 0.000000 -1.615635 0.963704 -0.353050 -1.982928 0.547500 
5900 2 -2.000000 0.000000 -2.202960 0.777706 -1.094641 -2.592144 0.584190 
5875 4 -2.000000 0.000000 -2.872655 0.457449 -1.235091 -2.662210 0.557180 
5850 8 -3.000000 0.000000 -3.608337 0.179195 -0.971496 -3.004211 0.551020 
5825 1 -4.000000 0.000000 -4.433022 -0.068019 -0.906193 -3.053879 0.594820 
5800 1 -5.000000 0.000000 -5.161535 -0.267494 -0.581338 -2.483521 0.556880 
5775 0 -5.000000 0.000000 -5.698559 -0.314406 0.115934 -1.661517 0.559020 
5750 7 -6.000000 0.000000 -6.049871 -0.193556 0.639479 -1.119576 0.554790 
5725 8 -6.000000 0.000000 -6.305463 -0.095900 -0.013637 -0.757835 0.486340 
5700 1 -6.000000 0.000000 -6.400160 -0.144253 -0.303404 0.033120 0.543010 
5675 6 -6.000000 0.000000 -6.275254 -0.202430 -0.084388 0.899004 0.532830 
5650 3 -5.000000 0.000000 -5.955224 -0.200579 -0.139768 1.451649 0.592630 
5625 4 -5.000000 0.000000 -5.590024 -0.227111 0.027255 1.227368 0.414280 
5600 2 -5.000000 0.000000 -5.352763 -0.176688 0.298281 0.548644 0.563390 
5950 1 -1.000000 1.000000 -1.220095 1.000000 0.000000 -1.068403 0.446390 
5925 5 -1.000000 1.000000 -1.540443 1.038065 0.368720 -1.202106 0.485130 
5900 4 -1.000000 1.000000 -1.856435 1.155700 0.365715 -1.349952 0.589870 
5875 6 -2.000000 1.000000 -2.296901 1.213334 0.128488 -1.990099 0.573930 
5850 0 -2.000000 1.000000 -2.900887 1.196661 -0.320272 -2.447055 0.579440 
5825 5 -3.000000 1.000000 -3.577473 1.050254 -0.734594 -2.608603 0.569910 
5800 8 -4.000000 0.000000 -4.316745 0.805136 -1.255894 -3.036891 0.568080 
5775 6 -5.000000 0.000000 -5.143922 0.423800 -1.650313 -3.051519 0.545510 
5750 2 -5.000000 0.000000 -5.803953 -0.117814 -3.329749 -0.503762 0.576540 
5725 8 -5.000000 -1.000000 -5.923252 -1.032650 -3.526741 -0.235722 0.576340 
5700 3 -5.000000 -1.000000 -5.991842 -1.893552 -3.330383 0.137595 0.577290 
5675 7 -5.000000 -2.000000 -5.976504 -2.681354 -2.745242 -0.036523 0.594500 
5650 6 -5.000000 -2.000000 -5.982804 -2.323615 2.372540 -0.078268 0.442580 
5625 6 -5.000000 -1.000000 -5.908172 -1.918152 1.977951 0.178322 0.511580 
5600 6 -5.000000 -1.000000 -5.788997 -1.703470 0.536539 0.439801 0.533080 
5950 1 -1.000000 1.000000 -1.220095 1.000000 0.000000 -1.068403 0.587920 
5925 7 -1.000000 1.000000 -1.540443 1.038065 0.368720 -1.202106 0.505060 
5900 0 -1.000000 1.000000 -1.780094 1.155567 0.362410 -0.602934 0.599290 
5875 8 -1.000000 1.000000 -1.870664 1.213356 0.124269 -0.174450 0.531470 
5850 6 -1.000000 1.000000 -1.855488 1.233642 0.042888 0.369967 0.459460 
5825 3 -1.000000 1.000000 -1.699919 1.203702 -0.363175 0.807966 0.388460 
5800 2 -1.000000 1.000000 -1.518031 1.090146 -0.358756 0.516659 0.586670 
5775 8 -1.000000 1.000000 -1.432675 1.073301 0.250051 0.204873 0.588720 
5750 3 -1.000000 1.000000 -1.358766 1.210570 0.678623 0.474259 0.569110 
5725 1 -1.000000 1.000000 -1.221627 1.454754 1.228840 0.392699 0.533800 
5700 7 -1.000000 1.000000 -1.113127 1.876517 2.121655 0.611212 0.537540 
5675 7 0.000000 2.000000 -0.888233 2.440034 2.261420 1.429121 0.594120 
5650 2 0.000000 2.000000 -0.465236 2.602303 -1.408161 2.086873 0.553850 
5625 5 0.000000 2.000000 0.145681 2.175697 -1.534382 2.493678 0.582300 
5600 8 0.000000 1.000000 0.715119 1.761965 -1.721770 -1.656734 0.519830 
5950 3 -1.000000 1.000000 -1.220095 1.000000 0.000000 -1.068403 0.530620 
5925 7 -1.000000 1.000000 -1.615635 1.036296 0.353050 -1.982928 0.562640 
5900 2 -2.000000 1.000000 -2.165009 1.148386 0.355604 -2.162176 0.363700 
5875 4 -2.000000 1.000000 -2.678391 1.237523 0.471705 -1.861930 0.509260 
5850 4 -3.000000 1.000000 -3.200710 1.406910 0.728618 -2.191255 0.525420 
5825 5 -3.000000 1.000000 -3.868946 1.619834 0.815342 -2.899948 0.570270 
5800 5 -4.000000 1.000000 -4.744949 1.810696 0.514309 -3.713937 0.574940 
5775 7 -5.000000 1.000000 -5.683076 1.871604 0.568710 3.667986 0.517210 
5750 6 -4.000000 1.000000 -4.903710 1.869973 0.086443 5.717370 0.464280 
5725 1 -4.000000 1.000000 -4.090534 1.640545 -0.746991 5.489923 0.515750 
5700 6 -3.000000 1.000000 -3.210466 1.251236 -0.389209 6.033810 0.512160 
5675 7 -2.000000 0.000000 -2.202890 0.856948 -1.365088 4.203255 0.598250 
5650 1 -1.000000 0.000000 -1.096895 0.336734 -1.380670 6.460694 0.462530 
5625 7 0.000000 0.000000 0.184482 -0.306327 -0.728125 7.527426 0.591250 
5600 7 0.000000 0.000000 0.167469 -0.623544 2.004500 -6.846408 -1.400120 
5950 8 -1.000000 1.000000 -1.220095 1.000000 0.000000 -1.068403 0.577800 
5925 2 -1.000000 1.000000 -1.540443 1.000000 0.000000 -1.201177 0.569050 
5900 6 -1.000000 1.000000 -1.818079 1.038171 0.368244 -0.971661 0.439380 
5875 8 -2.000000 1.000000 -2.064048 1.156021 0.355582 -0.898569 0.456890 
5850 2 -2.000000 1.000000 -2.261107 1.212753 0.118957 -0.520398 0.490910 
5825 1 -2.000000 1.000000 -2.336613 1.270086 0.407064 -0.143312 0.515270 
5800 6 -2.000000 1.000000 -2.315712 1.468878 1.099455 0.368806 0.291200 
5775 8 -2.000000 1.000000 -2.157523 1.796008 1.227216 0.759052 0.571070 
5750 2 -1.000000 2.000000 -1.897596 2.079823 0.990721 1.249439 0.591540 
5725 5 -1.000000 2.000000 -1.498610 2.370181 1.289775 1.652878 0.520420 
5700 5 -1.000000 2.000000 -1.073757 2.729413 1.259646 1.419737 -1.418990 
5675 5 0.000000 2.000000 -0.783285 2.470682 -1.450745 0.753668 -1.434500 
5650 4 0.000000 1.000000 -0.696802 1.992305 -2.193180 -0.033287 -1.464660 
5625 4 0.000000 1.000000 -0.837208 1.337577 -2.766524 -1.185242 0.585080 
5600 0 -1.000000 0.000000 -1.212124 0.607001 -3.092149 -2.230218 0.518840 
5950 4 -1.000000 1.000000 -1.220095 1.000000 0.000000 -1.068403 0.563780 
5925 0 -1.000000 1.000000 -1.615635 1.000000 0.000000 -1.981741 0.557660 
5900 0 -2.000000 1.000000 -2.202960 1.000000 0.000000 -2.571397 0.594540 
5875 1 -2.000000 1.000000 -2.872654 1.000000 0.000000 -2.637825 0.591030 
5850 4 -3.000000 1.000000 -3.531773 1.037971 0.359639 -2.280690 0.595790 
5825 5 -4.000000 1.000000 -4.120308 1.192635 0.668190 -2.414584 0.588340 
5800 8 -4.000000 1.000000 -4.811217 1.366472 0.438911 -2.971140 0.496230 
5775 4 -5.000000 1.000000 -5.620252 1.443537 0.153938 -3.007062 0.487070 
5750 4 -6.000000 1.000000 -6.419307 1.470134 -0.053265 -3.305554 0.585120 
5725 2 -7.000000 1.000000 -7.340963 1.479928 -0.112729 -4.002759 0.569660 
5700 3 -8.000000 1.000000 -8.425526 1.521844 0.350160 -4.359308 0.510230 
5675 5 -9.000000 1.000000 -9.620556 1.715347 1.143849 -4.781059 0.523120 
5650 4 -10.000000 2.000000 -10.994937 2.039941 1.274150 -5.529828 0.479730 
5625 7 -12.000000 2.000000 -12.588068 2.324356 1.109345 -6.423990 0.580290 
5600 6 -14.000000 2.000000 -14.338099 2.540603 0.468049 -6.734989 0.588920 
5950 4 -1.000000 1.000000 -1.220095 1.000000 0.000000 -1.068403 0.578250 
5925 6 -1.000000 1.000000 -1.615635 1.000000 0.000000 -1.981741 0.589190 
5900 1 -2.000000 0.000000 -2.202960 0.962533 -0.368069 -2.573129 0.364120 
5875 2 -2.000000 0.000000 -2.834292 0.845958 -0.367697 -2.251453 0.587170 
5850 8 -3.000000 0.000000 -3.375031 0.827603 0.244778 -1.942701 0.572650 
5825 7 -3.000000 0.000000 -3.829804 0.963317 0.625514 -1.539233 0.583550 
5800 2 -4.000000 1.000000 -4.113298 1.130146 0.444191 -0.723370 0.484560 
5775 3 -4.000000 1.000000 -4.217797 1.243225 0.527798 -0.198448 0.569610 
5750 1 -4.000000 1.000000 -4.282727 1.462894 1.145114 -0.401865 0.563500 
5725 5 -4.000000 1.000000 -4.401448 1.876207 1.945798 -0.322873 0.593170 
5700 2 -4.000000 2.000000 -4.488348 2.437621 2.085209 -0.496414 0.596540 
5675 2 -4.000000 2.000000 -4.652776 2.999917 2.321937 -0.761968 0.580230 
5650 5 -4.000000 3.000000 -4.860591 3.688167 3.037830 -0.761686 0.579430 
5625 4 -5.000000 4.000000 -5.121257 4.502333 3.060431 -1.162570 0.593220 
5600 3 -5.000000 4.000000 -5.542308 4.394541 -2.451868 -1.908336 0.395960 
5950 5 -1.000000 1.000000 -1.220095 1.000000 0.000000 -1.068403 0.574630 
5925 8 -1.000000 0.000000 -1.615635 0.963704 -0.353050 -1.982928 0.513060 
5900 5 -2.000000 0.000000 -2.165009 0.813657 -0.728275 -2.167703 0.589610 
5875 0 -2.000000 0.000000 -2.716752 0.568807 -1.218978 -2.247422 0.573070 
5850 7 -3.000000 0.000000 -3.357458 0.188476 -1.597327 -2.511657 0.545900 
5825 1 -4.000000 0.000000 -4.007059 -0.292904 -2.080530 -2.247376 0.584720 
5800 7 -4.000000 0.000000 -4.516639 -0.873486 -2.109256 -1.569700 0.574610 
5775 0 -4.000000 -1.000000 -4.820385 -1.438843 -2.252678 -0.767499 0.574470 
5750 6 -4.000000 -2.000000 -4.933628 -2.083628 -2.536707 -0.248962 0.499890 
5725 8 -4.000000 -2.000000 -4.964945 -2.734269 2.048127 -0.052975 0.593620 
5700 2 -4.000000 -2.000000 -4.930423 -2.251681 2.509369 0.473175 0.568240 
5675 1 -4.000000 -1.000000 -4.768744 -1.792209 3.233637 1.029211 0.589300 
5650 3 -4.000000 -1.000000 -4.508763 -1.199265 3.254433 1.530229 0.568150 
5625 1 -4.000000 0.000000 -4.149035 -0.405301 3.833498 1.426426 0.499610 
5600 6 -3.000000 0.000000 -3.805569 0.614707 7.184257 3.123162 0.529430 
5950 4 -1.000000 1.000000 -1.220095 1.000000 0.000000 -1.068403 0.487430 
5925 8 -1.000000 1.000000 -1.615635 1.000000 0.000000 -1.981741 0.586790 
5900 8 -2.000000 1.000000 -2.165009 1.000000 0.000000 -2.157587 0.573610 
5875 0 -2.000000 1.000000 -2.640376 1.000000 0.000000 -1.490683 0.543860 
5850 5 -2.000000 1.000000 -2.968872 1.000000 0.000000 -1.127305 0.512330 
5825 6 -3.000000 0.000000 -3.268836 0.961926 -0.349341 -1.420862 0.577430 
5800 2 -3.000000 0.000000 -3.664592 0.769957 -1.080554 -1.604693 0.500710 
5775 8 -4.000000 0.000000 -4.109903 0.442765 -1.276505 -1.805281 0.486140 
5750 1 -4.000000 0.000000 -4.533555 0.157694 -0.990408 -1.499434 0.496990 
5725 0 -4.000000 0.000000 -4.807091 -0.059715 -0.579769 -0.667521 0.524650 
5700 1 -4.000000 0.000000 -4.908639 -0.153151 -0.221595 -0.213008 0.585880 
5675 5 -4.000000 0.000000 -4.896609 -0.149490 0.309846 0.410994 0.517690 
5650 8 -4.000000 0.000000 -4.779739 -0.048474 0.320262 0.427649 0.480600 
5625 5 -4.000000 0.000000 -4.677394 -0.001797 0.087157 0.522272 0.585940 
5600 6 -4.000000 0.000000 -4.530045 -0.028627 -0.344600 0.449049 0.595440 
5950 4 -1.000000 1.000000 -1.220095 1.000000 0.000000 -1.068403 0.581230 
5925 1 -1.000000 1.000000 -1.615635 1.000000 0.000000 -1.981741 0.582870 
5900 7 -2.000000 1.000000 -2.165009 1.038015 0.370833 -2.159079 0.424760 
5875 4 -2.000000 1.000000 -2.640376 1.155514 0.363447 -1.491661 0.524670 
5850 8 -3.000000 1.000000 -3.007014 1.212869 0.115947 -1.501132 0.571360 
5825 4 -3.000000 1.000000 -3.386849 1.232419 0.057494 -1.380708 0.506310 
5800 4 -3.000000 1.000000 -3.721235 1.239293 0.028480 -1.392899 0.590230 
5775 0 -4.000000 1.000000 -4.166407 1.241933 -0.005222 -2.038922 0.570710 
5750 0 -4.000000 1.000000 -4.770586 1.243177 0.031227 -2.782915 0.568920 
5725 8 -5.000000 1.000000 -5.445818 1.243941 0.056832 -2.883645 20.467051 
5700 6 -6.000000 1.000000 -6.106641 1.244544 0.007294 -2.278249 20.556391 
5675 8 -6.000000 1.000000 -6.657354 1.207160 -0.339300 -2.102236 20.564911 
5725 8 -5.000000 1.000000 -5.445818 1.243941 0.056832 -2.883645 20.467051 
5700 1 -6.000000 1.000000 -6.106641 1.244544 0.007294 -2.278249 20.451111 
5675 0 -6.000000 1.000000 -6.619739 1.281972 0.344495 -1.730287 20.523861 
5725 8 -5.000000 1.000000 -5.445818 1.243941 0.056832 -2.883645 20.467051 
5700 3 -6.000000 1.000000 -6.106641 1.244544 0.007294 -2.278249 20.500990 
5675 6 -6.000000 1.000000 -6.695606 1.283244 0.354722 -2.479855 20.595520 
5725 8 -5.000000 1.000000 -5.445818 1.243941 0.056832 -2.883645 20.467051 
5700 5 -6.000000 1.000000 -6.106641 1.244544 0.007294 -2.278249 20.558340 
5675 6 -6.000000 1.000000 -6.695605 1.206941 -0.337463 -2.477341 20.536261 
5725 8 -5.000000 1.000000 -5.445818 1.243941 0.056832 -2.883645 20.467051 
5700 7 -6.000000 1.000000 -6.106641 1.244544 0.007294 -2.278249 20.435310 
5675 5 -6.000000 1.000000 -6.619739 1.208214 -0.330456 -1.727642 20.513660 
5725 8 -5.000000 1.000000 -5.445818 1.243941 0.056832 -2.883645 20.467051 
5700 7 -6.000000 1.000000 -6.106641 1.244544 0.007294 -2.278249 20.528090 
5675 1 -6.000000 1.000000 -6.619739 1.208214 -0.330456 -1.727642 20.584209 
5725 8 -5.000000 1.000000 -5.445818 1.243941 0.056832 -2.883645 20.467051 
5700 5 -6.000000 1.000000 -6.106641 1.244544 0.007294 -2.278249 20.590700 
5675 7 -6.000000 1.000000 -6.695605 1.206941 -0.337463 -2.477341 20.587891 
5725 8 -5.000000 1.000000 -5.445818 1.243941 0.056832 -2.883645 20.467051 
5700 8 -6.000000 1.000000 -6.106641 1.244544 0.007294 -2.278249 20.488720 
5675 0 -6.000000 1.000000 -6.619740 1.245093 0.007267 -1.732068 20.581280 
5725 8 -5.000000 1.000000 -5.445818 1.243941 0.056832 -2.883645 20.467051 
5700 0 -6.000000 1.000000 -6.106641 1.244544 0.007294 -2.278249 20.567070 
5675 8 -6.000000 1.000000 -6.619740 1.245093 0.007267 -1.732068 20.597111 
5725 8 -5.000000 1.000000 -5.445818 1.243941 0.056832 -2.883645 20.467051 
5700 2 -6.000000 1.000000 -6.106641 1.244544 0.007294 -2.278249 20.542320 
5675 4 -6.000000 1.000000 -6.657353 1.283026 0.355102 -2.104876 20.372250 
5725 8 -5.000000 1.000000 -5.445818 1.243941 0.056832 -2.883645 20.467051 
5700 1 -6.000000 1.000000 -6.106641 1.244544 0.007294 -2.278249 20.559200 
5675 1 -6.000000 1.000000 -6.619739 1.281972 0.344495 -1.730287 20.547670 
5725 8 -5.000000 1.000000 -5.445818 1.243941 0.056832 -2.883645 20.467051 
5700 4 -6.000000 1.000000 -6.106641 1.244544 0.007294 -2.278249 20.578119 
5675 7 -6.000000 1.000000 -6.695605 1.245092 0.008896 -2.481254 20.414431 
5725 8 -5.000000 1.000000 -5.445818 1.243941 0.056832 -2.883645 20.467051 
5700 4 -6.000000 1.000000 -6.106641 1.244544 0.007294 -2.278249 20.468281 
5675 7 -6.000000 1.000000 -6.695605 1.245092 0.008896 -2.481254 20.519110 
5725 8 -5.000000 1.000000 -5.445818 1.243941 0.056832 -2.883645 20.467051 
5700 2 -6.000000 1.000000 -6.106641 1.244544 0.007294 -2.278249 20.570271 
5675 3 -6.000000 1.000000 -6.657353 1.283026 0.355102 -2.104876 20.553659 
5725 8 -5.000000 1.000000 -5.445818 1.243941 0.056832 -2.883645 20.467051 
5700 0 -6.000000 1.000000 -6.106641 1.244544 0.007294 -2.278249 20.577829 
5675 1 -6.000000 1.000000 -6.619740 1.245093 0.007267 -1.732068 20.560089 
5725 8 -5.000000 1.000000 -5.445818 1.243941 0.056832 -2.883645 20.467051 
5700 3 -6.000000 1.000000 -6.106641 1.244544 0.007294 -2.278249 20.504290 
5675 2 -6.000000 1.000000 -6.695606 1.283244 0.354722 -2.479855 20.585180 
5725 8 -5.000000 1.000000 -5.445818 1.243941 0.056832 -2.883645 20.467051 
5700 6 -6.000000 1.000000 -6.106641 1.244544 0.007294 -2.278249 20.566019 
5675 8 -6.000000 1.000000 -6.657354 1.207160 -0.339300 -2.102236 20.587879 
5725 8 -5.000000 1.000000 -5.445818 1.243941 0.056832 -2.883645 20.467051 
5700 4 -6.000000 1.000000 -6.106641 1.244544 0.007294 -2.278249 20.547510 
5675 6 -6.000000 1.000000 -6.695605 1.245092 0.008896 -2.481254 20.566200 
5650 8 -7.000000 1.000000 -7.348633 1.207513 -0.296208 -2.796577 20.570110 
5700 4 -6.000000 1.000000 -6.106641 1.244544 0.007294 -2.278249 20.547510 
5675 1 -6.000000 1.000000 -6.695605 1.245092 0.008896 -2.481254 20.522751 
5650 0 -7.000000 1.000000 -7.310295 1.283768 0.378279 -2.432834 20.594330 
5700 4 -6.000000 1.000000 -6.106641 1.244544 0.007294 -2.278249 20.547510 
5675 5 -6.000000 1.000000 -6.695605 1.245092 0.008896 -2.481254 20.495440 
5650 1 -7.000000 1.000000 -7.386515 1.208387 -0.280401 -3.168423 20.567560 
5725 8 -5.000000 1.000000 -5.445818 1.243941 0.056832 -2.883645 20.467051 
5700 3 -6.000000 1.000000 -6.106641 1.244544 0.007294 -2.278249 20.583670 
5675 1 -6.000000 1.000000 -6.695606 1.283244 0.354722 -2.479855 20.527161 
5650 6 -7.000000 1.000000 -7.310296 1.476803 1.011445 -2.390096 20.575199 
5700 3 -6.000000 1.000000 -6.106641 1.244544 0.007294 -2.278249 20.583670 
5675 7 -6.000000 1.000000 -6.695606 1.283244 0.354722 -2.479855 20.591030 
5650 6 -7.000000 1.000000 -7.310298 1.401303 0.326048 -2.426666 20.594170 
5700 3 -6.000000 1.000000 -6.106641 1.244544 0.007294 -2.278249 20.583670 
5675 7 -6.000000 1.000000 -6.695606 1.283244 0.354722 -2.479855 20.595329 
5650 6 -7.000000 1.000000 -7.310298 1.401303 0.326048 -2.426666 20.511801 
5725 8 -5.000000 1.000000 -5.445818 1.243941 0.056832 -2.883645 20.467051 
5700 3 -6.000000 1.000000 -6.106641 1.244544 0.007294 -2.278249 20.472549 
5675 3 -6.000000 1.000000 -6.695606 1.283244 0.354722 -2.479855 20.399309 
5650 4 -7.000000 1.000000 -7.386517 1.474839 0.981691 -3.149324 20.548809 
5725 8 -5.000000 1.000000 -5.445818 1.243941 0.056832 -2.883645 20.467051 
5700 4 -6.000000 1.000000 -6.106641 1.244544 0.007294 -2.278249 20.598669 
5675 6 -6.000000 1.000000 -6.695605 1.245092 0.008896 -2.481254 20.538490 
5650 5 -7.000000 1.000000 -7.348633 1.207513 -0.296208 -2.796577 20.578119 
5700 4 -6.000000 1.000000 -6.106641 1.244544 0.007294 -2.278249 20.598669 
5675 0 -6.000000 1.000000 -6.695605 1.245092 0.008896 -2.481254 20.582300 
5650 5 -7.000000 1.000000 -7.386515 1.245623 0.047873 -3.178521 20.569651 
5700 4 -6.000000 1.000000 -6.106641 1.244544 0.007294 -2.278249 20.598669 
5675 0 -6.000000 1.000000 -6.695605 1.245092 0.008896 -2.481254 20.357950 
5650 6 -7.000000 1.000000 -7.386515 1.245623 0.047873 -3.178521 20.599880 
5725 8 -5.000000 1.000000 -5.445818 1.243941 0.056832 -2.883645 20.467051 
5700 0 -6.000000 1.000000 -6.106641 1.244544 0.007294 -2.278249 20.512711 
5675 4 -6.000000 1.000000 -6.619740 1.245093 0.007267 -1.732068 20.532780 
5650 2 -6.000000 1.000000 -6.999689 1.245624 0.035985 -1.779249 20.532249 
5725 8 -5.000000 1.000000 -5.445818 1.243941 0.056832 -2.883645 20.467051 
5700 7 -6.000000 1.000000 -6.106641 1.244544 0.007294 -2.278249 20.588949 
5675 2 -6.000000 1.000000 -6.619739 1.208214 -0.330456 -1.727642 20.590090 
