0.000000 0.000000 0.000000 0.000000
1.000000 -1.038292 0.962128 0.000408
2.000000 -1.038292 0.768568 0.427660
3.000000 -1.038292 0.363846 -1.574291
4.000000 -1.038292 0.363846 -1.703472
5.000000 -1.038292 0.363846 -1.852491
6.000000 -1.038292 0.363846 -1.458249
7.000000 -1.038292 0.363846 -1.652773
8.000000 -1.038292 0.363846 -1.634978
9.000000 -1.038292 0.363846 -1.622271
10.000000 -1.038292 0.363846 -1.605538
11.000000 -1.038292 0.363846 -1.672073
12.000000 -1.038292 0.363846 -1.740213
13.000000 -1.038292 0.363846 -1.909501
14.000000 -1.038292 0.363846 -1.903849
15.000000 -1.038292 0.363846 -1.768162
16.000000 -1.000000 -0.196108 -1.631063
17.000000 -1.038292 0.363846 -1.682181
18.000000 -0.843612 -0.079762 -1.644956
19.000000 -1.038292 0.363846 -1.704530
20.000000 -1.000000 -0.196108 -1.967181
21.000000 -1.038292 0.363846 -1.618055
22.000000 -1.232181 -0.077727 -1.562717
23.000000 -1.038292 0.363846 -1.476955
24.000000 -0.843612 0.111998 -1.703354
25.000000 -1.038292 0.363846 -1.401841
26.000000 -1.194620 -0.191631 -1.718019
27.000000 -1.038292 0.363846 -1.644889
28.000000 -1.232181 -0.077727 -1.957508
29.000000 -1.038292 0.363846 -1.628671
30.000000 -0.843612 0.111998 -1.944297
31.000000 -1.038292 0.363846 -1.930073
32.000000 -0.843612 -0.079762 -1.834224
33.000000 -1.038292 0.363846 -1.695211
34.000000 -1.232182 0.112466 -1.456011
35.000000 -1.038292 0.363846 -1.865820
36.000000 -1.232181 -0.077727 -1.974372
37.000000 -1.038292 0.363846 -1.420044
38.000000 -1.038292 -0.081192 -1.624478
39.000000 -1.038292 0.363846 -1.882921
40.000000 -0.805379 -0.191631 -1.443275
41.000000 -1.038292 0.363846 -1.698478
42.000000 -1.232182 0.112466 -1.924255
43.000000 -1.038292 0.363846 -1.787106
44.000000 -0.843612 0.111998 -1.506522
45.000000 -1.038292 0.363846 -1.664946
46.000000 -0.843612 0.111998 -1.560519
47.000000 -1.038292 0.363846 -1.826853
48.000000 -0.805379 -0.191631 -1.694926
49.000000 -0.591969 -0.673273 -1.433838
50.000000 -0.397681 -0.479330 -1.945656
51.000000 -0.352673 -0.018245 -1.960547
52.000000 -0.092428 0.750462 -1.654827
53.000000 0.130643 1.370825 0.036532
54.000000 0.328397 1.808089 0.513310
55.000000 0.374829 2.030868 0.553633
56.000000 -1.038292 0.363846 -1.641623
57.000000 -1.000000 -0.196108 -1.976480
58.000000 -1.000000 -0.681347 -1.813365
59.000000 -1.038293 -0.527251 -1.759322
60.000000 -0.843612 -0.176642 -1.457821
61.000000 -0.438165 0.204546 -1.916302
62.000000 -0.188760 0.402044 -1.930850
63.000000 0.066886 0.773526 -1.963324
64.000000 0.312119 1.340744 0.036983
65.000000 -1.038292 0.363846 -1.556385
66.000000 -1.232182 0.112466 -1.593561
67.000000 -1.446166 -0.144702 -1.727454
68.000000 -1.678894 -0.584717 -1.875969
69.000000 -1.723179 -0.585816 -1.817464
70.000000 -1.750972 -0.435329 -1.568932
71.000000 -1.566006 -0.309094 -1.408297
72.000000 -1.550671 -0.394261 -1.850073
73.000000 -1.725827 -0.504794 -1.700033
74.000000 -1.038292 0.363846 -1.514774
75.000000 -1.232181 -0.077727 -1.734867
76.000000 -1.213104 -0.471621 -1.461827
77.000000 -1.270218 -0.697907 -1.504619
78.000000 -1.081862 -0.574011 -1.883713
79.000000 -0.678803 -0.296030 -1.409954
80.000000 -0.045525 0.192272 -1.891737
81.000000 0.439254 0.517981 -1.459876
82.000000 0.740012 0.661014 -1.744821
83.000000 -1.038292 0.363846 -1.410594
84.000000 -1.194620 -0.191631 -1.761603
85.000000 -1.408030 -0.673273 -1.886161
86.000000 -1.602318 -0.479330 -1.855124
87.000000 -1.723178 -0.017422 -1.688664
88.000000 -1.520621 0.554916 -1.684680
89.000000 -1.356862 0.962890 -1.842374
90.000000 -1.323754 1.172840 0.399700
91.000000 -1.301958 1.154003 0.515648
92.000000 -1.038292 0.363846 -1.739281
93.000000 -0.843612 -0.079762 -1.993150
94.000000 -0.824789 -0.353727 -1.688212
95.000000 -0.998469 -0.619078 -1.671466
96.000000 -1.011012 -0.597964 -1.965028
97.000000 -1.026918 -0.542579 -1.962294
98.000000 -1.225685 -0.331900 -1.497330
99.000000 -1.631757 -0.313910 -1.414385
100.000000 -2.190873 -0.453200 0.057674
101.000000 -1.038292 0.363846 -1.969676
102.000000 -0.805379 -0.191631 -1.678870
103.000000 -0.591969 -0.673273 -1.451001
104.000000 -0.397681 -0.479330 -1.931970
105.000000 -0.352673 -0.018245 -1.515074
106.000000 -0.092428 0.560990 -1.812112
107.000000 0.130643 0.972390 -1.527097
108.000000 0.328397 1.182212 0.155684
109.000000 0.374829 1.357453 0.006751
110.000000 -1.038292 0.363846 -1.907660
111.000000 -1.000000 -0.196108 -1.936149
112.000000 -1.000000 -0.681347 -1.522162
113.000000 -1.038293 -0.527251 -1.457195
114.000000 -1.232182 -0.346250 -1.874948
115.000000 -1.637011 0.024854 -1.449270
116.000000 -2.196108 0.214544 0.157341
117.000000 -2.681347 0.246778 0.294614
118.000000 -3.057908 0.171568 0.068781
119.000000 -1.038292 0.363846 -1.904930
120.000000 -1.000000 -0.196108 -1.563156
121.000000 -1.000000 -0.681347 -1.890374
122.000000 -1.038293 -0.527251 -1.552494
123.000000 -0.843612 -0.348529 -1.633167
124.000000 -0.824790 -0.165669 -1.761908
125.000000 -0.611345 0.197399 -1.449684
126.000000 -0.391476 0.382299 -1.794546
127.000000 0.037649 0.758229 -1.518692
128.000000 -1.038292 0.363846 -1.948545
129.000000 -1.000000 -0.196108 -1.804792
130.000000 -1.000000 -0.681347 -1.608637
131.000000 -1.038293 -0.527251 -1.725767
132.000000 -1.038293 -0.003636 -1.407396
133.000000 -1.194620 0.387552 -1.479457
134.000000 -1.446165 0.595540 -1.825707
135.000000 -1.483924 0.582542 -1.678341
136.000000 -1.703832 0.720891 -1.593997
137.000000 -1.038292 0.363846 -1.898251
138.000000 -0.843612 -0.079762 -1.891616
139.000000 -0.630330 -0.353647 -1.719171
140.000000 -0.203570 -0.618975 -1.619759
141.000000 0.248175 -0.571283 -1.551666
142.000000 0.527117 -0.267739 -1.895394
143.000000 0.601991 -0.075129 -1.577968
144.000000 0.639435 0.106623 -1.518903
145.000000 0.459882 0.277482 -1.430596
146.000000 -1.038292 0.363846 -1.556781
147.000000 -0.805379 -0.191631 -1.545356
148.000000 -0.591969 -0.673273 -1.464185
149.000000 -0.397681 -0.479330 -1.737295
150.000000 -0.352673 -0.018245 -1.568057
151.000000 -0.479378 0.367846 -1.856650
152.000000 -0.719565 0.571403 -1.641354
153.000000 -0.752257 0.934814 -1.612576
154.000000 -0.581864 1.482575 0.024695
155.000000 -1.038292 0.363846 -1.421594
156.000000 -1.194620 -0.191631 -1.829492
157.000000 -1.408030 -0.673273 -1.728072
158.000000 -1.602318 -0.479330 -1.915996
159.000000 -1.723178 -0.017422 -1.904873
160.000000 -1.712611 0.559691 -1.562834
161.000000 -1.721818 0.970260 -1.733936
162.000000 -1.763123 1.179288 0.198944
163.000000 -1.957984 1.353752 0.081639
164.000000 -1.977485 1.500669 -1.833928
165.000000 -1.996281 1.448739 -1.981465
166.000000 -2.002202 1.183071 0.207262
167.000000 -2.197848 0.879248 0.504974
168.000000 -2.527858 0.437308 0.357751
169.000000 -2.777135 0.084416 -1.432384
170.000000 -2.915455 -0.157329 -1.977532
171.000000 -2.756788 -0.115510 -1.722632
172.000000 -2.556304 0.157493 -1.701594
173.000000 -2.328571 0.478489 -1.492957
174.000000 -1.897370 0.635687 -1.831866
175.000000 -1.444589 0.977002 -1.488477
176.000000 -1.165771 1.130469 -1.927767
177.000000 -0.900058 1.274891 0.406777
178.000000 -0.650896 1.600465 0.199230
179.000000 -1.038292 0.363846 -1.725324
180.000000 -1.232182 0.112466 -1.616853
181.000000 -1.637011 -0.145732 -1.406278
182.000000 -2.196108 -0.506540 0.117039
183.000000 -2.681348 -0.737050 0.362697
184.000000 -3.057908 -0.553505 0.292595
185.000000 -3.329669 -0.264102 0.472644
186.000000 -3.697085 0.242071 -1.430342
187.000000 -3.957745 0.582916 -1.600323
188.000000 -4.098830 0.737724 0.435246
189.000000 -3.940270 0.867420 -1.570440
190.000000 -3.548438 0.974997 -1.764108
191.000000 -3.110081 1.074179 0.166366
192.000000 -2.449197 1.018544 0.295283
193.000000 -1.954551 0.904810 -1.901416
194.000000 -1.649323 0.735789 -1.812233
195.000000 -1.181817 0.594609 -1.739667
196.000000 -0.911880 0.646461 -1.463351
197.000000 -0.841923 0.526749 -1.725512
198.000000 -0.807914 0.212664 -1.982967
199.000000 -0.797579 -0.324176 -1.981101
200.000000 -0.757032 -0.556090 -1.876170
201.000000 -0.757470 -0.051322 -1.628765
202.000000 -0.758831 0.326208 -1.729813
203.000000 -1.038292 0.363846 -1.841369
204.000000 -0.843612 0.111998 -1.580502
205.000000 -0.630330 0.047247 -1.542061
206.000000 -0.203570 0.197666 -1.875140
207.000000 0.248175 0.196799 -1.739760
208.000000 0.527117 0.205174 -1.502048
209.000000 0.562985 0.200846 -1.786217
210.000000 0.295048 0.001700 -1.709263
211.000000 0.258930 -0.405149 -1.674724
212.000000 0.051508 -0.683982 -1.848467
213.000000 0.040286 -0.432782 -1.739926
214.000000 0.074320 0.062904 -1.930883
215.000000 0.085136 0.380224 -1.736681
216.000000 0.062720 0.504880 -1.564631
217.000000 0.274956 0.596333 -1.539207
218.000000 0.311900 0.475078 -1.813437
219.000000 0.543665 0.132520 -1.758869
220.000000 0.723609 -0.363395 -1.495401
221.000000 0.525901 -0.721912 -1.963049
222.000000 0.237951 -0.423297 -1.970767
223.000000 0.165489 -0.020626 -1.693250
224.000000 0.105937 0.404445 -1.693964
225.000000 0.257914 0.645998 -1.443154
226.000000 0.239833 0.681677 -1.408576
227.000000 -1.038292 0.363846 -1.461243
228.000000 -0.805379 -0.191631 -1.846793
229.000000 -0.591969 -0.673273 -1.495017
230.000000 -0.397681 -0.479330 -1.754493
231.000000 -0.352673 -0.018245 -1.931543
232.000000 -0.287387 0.559691 -1.728453
233.000000 -0.278181 0.970260 -1.553679
234.000000 -0.313460 1.179409 0.198299
235.000000 -0.117827 1.351770 0.569182
236.000000 -0.098744 1.310703 -1.413859
237.000000 -0.272390 1.243125 -1.748649
238.000000 -0.284983 1.150296 -1.883501
239.000000 -0.495488 1.246101 -1.462254
240.000000 -0.906097 1.168706 -1.494318
241.000000 -1.158395 0.892682 -1.541464
242.000000 -1.414849 0.586618 -1.881286
243.000000 -1.465879 0.449799 -1.867694
244.000000 -1.302746 0.320069 -1.769895
245.000000 -1.100258 0.015651 -1.779418
246.000000 -0.677490 -0.110426 -1.887106
247.000000 -0.227418 -0.352387 -1.681683
248.000000 0.050636 -0.558382 -1.747996
249.000000 0.316250 -0.684408 -1.469739
250.000000 0.565522 -0.665737 -1.842651
251.000000 -1.038292 0.363846 -1.986413
252.000000 -0.843612 -0.079762 -1.825200
253.000000 -0.630330 -0.471257 -1.682255
254.000000 -0.592038 -0.697459 -1.783867
255.000000 -0.372363 -0.575245 -1.514964
256.000000 -0.344769 -0.482965 -1.970877
257.000000 -0.323405 -0.387302 -1.744844
258.000000 -0.509765 -0.299826 -1.931320
259.000000 -0.721301 -0.409599 -1.689228
260.000000 -0.953168 -0.541475 -1.948493
261.000000 -1.385594 -0.499590 -1.569982
262.000000 -1.840540 -0.637859 -1.608832
263.000000 -2.238415 -0.639683 0.170327
264.000000 -2.601248 -0.431776 0.132398
265.000000 -2.989368 -0.152357 -1.492736
266.000000 -3.336087 -0.054886 0.456127
267.000000 -3.407444 0.030008 0.576138
268.000000 -3.639493 -0.094408 -1.598423
269.000000 -3.671795 -0.437640 -1.596526
270.000000 -3.890653 -0.627357 -1.478628
271.000000 -4.305599 -1.011677 0.453059
272.000000 -4.869820 -1.331024 0.139483
273.000000 -5.358453 -1.548048 0.226775
274.000000 -5.737833 -1.637789 0.506798
275.000000 -1.038292 0.363846 -1.600483
276.000000 -1.000000 -0.196108 -1.548007
277.000000 -1.000000 -0.681347 -1.561212
278.000000 -1.038293 -0.527251 -1.674449
279.000000 -1.038293 -0.348933 -1.667421
280.000000 -1.232182 0.024897 -1.487661
281.000000 -1.637011 0.218026 -1.569326
282.000000 -2.005335 0.401411 0.561097
283.000000 -2.356403 0.381868 0.121961
284.000000 -2.620736 0.531985 -1.719495
285.000000 -2.674446 0.679655 -1.828234
286.000000 -2.512343 0.838887 -1.536391
287.000000 -2.310258 0.810567 -1.743086
288.000000 -1.887695 0.765459 -1.555981
289.000000 -1.246198 0.554576 -1.497952
290.000000 -0.757546 0.316264 -1.463764
291.000000 -0.454205 0.134763 -1.928184
292.000000 -0.181534 0.040286 -1.536601
293.000000 0.069097 -0.037287 -1.768171
294.000000 0.118603 0.081796 -1.716054
295.000000 0.340045 0.028976 -1.415151
296.000000 0.366659 -0.212366 -1.789077
297.000000 0.580924 -0.491554 -1.401482
298.000000 0.604965 -0.622027 -1.569189
299.000000 -1.038292 0.363846 -1.609895
300.000000 -1.038292 -0.081192 -1.918278
301.000000 -0.805380 -0.665547 -1.569780
302.000000 -0.591969 -0.368270 -1.837196
303.000000 -0.359356 0.184687 -1.909466
304.000000 -0.120292 0.650040 -1.571262
305.000000 0.082643 0.927505 -1.986541
306.000000 0.130692 1.365719 0.282588
307.000000 0.391963 1.993150 0.270534
308.000000 0.615468 2.457088 0.500464
309.000000 0.687983 2.732969 0.100890
310.000000 0.479021 2.570112 -1.884655
311.000000 0.318144 2.511935 -1.804667
312.000000 -0.036155 2.456207 -1.724741
313.000000 -0.215660 2.602345 -1.642520
314.000000 -0.394622 2.729614 -1.535102
315.000000 -0.560771 2.535604 -1.503360
316.000000 -0.528069 2.140057 -1.968334
317.000000 -0.475354 1.901302 -1.643411
318.000000 -0.597140 1.848784 -1.562535
319.000000 -0.537374 1.826675 -1.851861
320.000000 -0.475090 2.020283 -1.691304
321.000000 -0.399255 2.431848 -1.752806
322.000000 -0.318903 2.690874 -1.982645
323.000000 -1.038292 0.363846 -1.901284
324.000000 -1.232181 -0.077727 -1.716143
325.000000 -1.213104 -0.664454 -1.975011
326.000000 -1.231869 -0.368785 -1.810611
327.000000 -1.237879 0.184456 -1.729274
328.000000 -1.239605 0.650093 -1.727817
329.000000 -1.278187 0.927849 -1.536702
330.000000 -1.277988 1.366773 0.572491
331.000000 -1.471522 1.612867 0.292537
332.000000 -1.490375 2.039638 0.485823
333.000000 -1.665471 2.664641 0.018922
334.000000 -1.884944 2.391697 -1.550971
335.000000 -2.119336 1.863213 0.225502
336.000000 -2.358739 1.422940 0.482220
337.000000 -2.638114 1.096119 -1.609839
338.000000 -2.879768 1.066965 -1.720426
339.000000 -3.121610 1.270435 0.524483
340.000000 -3.363515 1.520524 0.301968
341.000000 -3.605443 1.992509 -1.637709
342.000000 -3.965471 2.680402 0.079688
343.000000 -4.226228 3.218334 0.262951
344.000000 -4.331777 3.575806 0.218266
345.000000 -4.405941 3.714038 -1.708800
346.000000 -4.418227 3.808868 -1.455441
347.000000 -1.038292 0.363846 -1.743506
348.000000 -0.843612 0.111998 -1.794741
349.000000 -0.824790 0.047832 -1.825828
350.000000 -0.806328 -0.179949 -1.969496
351.000000 -0.605481 -0.596244 -1.963854
352.000000 -0.351830 -0.472999 -1.714074
353.000000 -0.118679 -0.080083 -1.829921
354.000000 0.120440 0.186929 -1.493804
355.000000 0.323267 0.253545 -1.715668
356.000000 0.565066 0.282686 -1.920114
357.000000 0.613193 0.481039 -1.874556
358.000000 0.450452 0.872012 -1.512155
359.000000 0.133468 1.108490 0.478734
360.000000 -0.186026 1.158481 0.101569
361.000000 -0.632275 1.179006 -1.695701
362.000000 -1.204723 1.213870 0.256812
363.000000 -1.693638 1.204267 0.239290
364.000000 -2.070666 1.154038 0.164211
365.000000 -2.341828 1.141101 0.231146
366.000000 -2.784255 1.128916 -1.792314
367.000000 -3.044007 1.308180 0.471751
368.000000 -3.300910 1.506779 0.013211
369.000000 -3.662475 1.916795 -1.436680
370.000000 -3.996447 2.158452 0.176530
371.000000 -1.038292 0.363846 -1.767497
372.000000 -0.805379 -0.191631 -1.405716
373.000000 -0.591969 -0.673273 -1.442402
374.000000 -0.397681 -0.479330 -1.895746
375.000000 -0.352673 -0.018245 -1.439374
376.000000 -0.092428 0.750462 -1.981224
377.000000 0.130643 1.370825 0.548104
378.000000 0.328397 1.808089 0.151465
379.000000 0.374829 2.030868 0.115194
380.000000 0.211722 2.213013 0.438385
381.000000 0.009204 2.366539 -1.586144
382.000000 -0.218055 2.512598 -1.540717
383.000000 -0.453748 2.655931 -1.646977
384.000000 -0.692286 2.595337 -1.786614
385.000000 -1.125641 2.517593 0.200193
386.000000 -1.695074 2.496410 0.414770
387.000000 -2.184366 2.444713 0.592461
388.000000 -2.562894 2.357006 0.562541
389.000000 -3.030223 2.116755 0.128695
390.000000 -3.611181 1.932385 0.475169
391.000000 -4.104318 1.809344 0.286152
392.000000 -4.484146 1.697659 0.067905
393.000000 -4.566261 1.452753 -1.651375
394.000000 -4.606276 1.386679 -1.818429
395.000000 -1.038292 0.363846 -1.920597
396.000000 -0.843612 -0.079762 -1.705888
397.000000 -0.438164 -0.281564 -1.761588
398.000000 -0.188760 -0.432258 -1.432667
399.000000 -0.125629 -0.289466 -1.943828
400.000000 -0.093514 0.086841 -1.917459
401.000000 0.111448 0.317956 -1.824511
402.000000 0.327642 0.752217 -1.951281
403.000000 0.746653 1.194127 0.538027
404.000000 0.515850 1.459021 0.565089
405.000000 0.329064 1.519358 -1.682868
406.000000 0.031013 1.543369 -1.541396
407.000000 -0.271574 1.540916 -1.409393
408.000000 -0.705715 1.377696 -1.983859
409.000000 -1.045279 1.155179 0.010448
410.000000 -1.269298 0.874932 -1.934112
411.000000 -1.580488 0.626772 -1.770746
412.000000 -1.887838 0.375156 -1.472754
413.000000 -2.011479 0.315565 0.546985
414.000000 -2.314729 0.082855 0.465579
415.000000 -2.619655 -0.152768 -1.665550
416.000000 -2.742609 -0.207318 -1.704060
417.000000 -2.658808 -0.439269 -1.491735
418.000000 -2.732643 -0.680781 -1.474101
419.000000 -1.038292 0.363846 -1.672107
420.000000 -1.232182 0.112466 -1.434784
421.000000 -1.561836 -0.259584 -1.590973
422.000000 -1.811240 -0.523639 -1.636921
423.000000 -1.949846 -0.670351 -1.675891
424.000000 -2.177239 -0.688351 0.480100
425.000000 -2.401350 -0.618950 0.499435
426.000000 -2.441932 -0.529662 -1.819093
427.000000 -2.467682 -0.636016 -1.554821
428.000000 -2.281243 -0.670850 -1.599435
429.000000 -2.070253 -0.466685 -1.993204
430.000000 -1.643793 -0.018109 -1.496058
431.000000 -1.386022 0.268342 -1.584230
432.000000 -1.318444 0.373182 -1.707896
433.000000 -1.283289 0.441004 -1.991379
434.000000 -1.270717 0.295900 -1.673173
435.000000 -1.265831 -0.067626 -1.871725
436.000000 -1.457343 -0.470363 -1.533292
437.000000 -1.436812 -0.552621 -1.705193
438.000000 -1.492741 -0.137369 -1.569021
439.000000 -1.265101 0.349981 -1.687451
440.000000 -1.052700 0.655895 -1.461626
441.000000 -0.857997 0.755392 -1.597075
442.000000 -0.618014 0.626488 -1.424733
443.000000 -1.038292 0.363846 -1.400204
444.000000 -1.194620 -0.191631 -1.751286
445.000000 -1.408030 -0.673273 -1.444166
446.000000 -1.602318 -0.479330 -1.687655
447.000000 -1.723178 -0.017422 -1.531496
448.000000 -1.520621 0.554916 -1.794101
449.000000 -1.356862 0.962890 -1.761126
450.000000 -1.323754 1.172840 0.227593
451.000000 -1.107086 1.340574 0.222299
452.000000 -0.694175 1.488838 0.306884
453.000000 -0.443132 1.629231 0.433023
454.000000 0.007273 1.572638 -1.757366
455.000000 0.658398 1.537844 -1.516231
456.000000 0.377424 1.445019 -1.654377
457.000000 -0.169303 1.345786 -1.504986
458.000000 -0.627662 1.244372 -1.893932
459.000000 -0.972534 1.104131 -1.873751
460.000000 -1.019639 1.188991 -1.983404
461.000000 -1.218607 1.294201 -1.653949
462.000000 -1.410004 1.611498 -1.927200
463.000000 -1.378264 2.142980 0.582419
464.000000 -1.369392 2.521338 0.277328
465.000000 -1.380785 2.714832 -1.623664
466.000000 -1.347769 2.541282 -1.479950
467.000000 -1.312728 2.237329 -1.527768
468.000000 -1.082342 2.117813 -1.888982
469.000000 -0.640980 1.999442 -1.948604
470.000000 -0.355579 2.089374 0.278530
471.000000 -0.063909 2.009611 0.060028
472.000000 0.217357 2.124466 -1.720324
473.000000 0.495107 2.052940 -1.725077
474.000000 0.586133 1.787197 -1.703985
475.000000 0.310873 1.681393 -1.536970
476.000000 0.086461 1.377524 -1.605365
477.000000 0.062960 1.065595 -1.622090
478.000000 -0.134259 0.739612 -1.470312
479.000000 -0.136111 0.213976 -1.969883
480.000000 0.061613 -0.139207 -1.756293
481.000000 0.484121 -0.420571 -1.561648
482.000000 -1.038292 0.363846 -1.608118
483.000000 -1.038292 0.112653 -1.910696
484.000000 -1.038293 0.050178 -1.850635
485.000000 -0.843612 0.204617 -1.990224
486.000000 -0.824790 0.401612 -1.863678
487.000000 -0.611345 0.817605 -1.403537
488.000000 -0.586023 1.069739 0.564244
489.000000 -0.757331 1.140246 0.429460
490.000000 -0.963378 1.365253 -1.991871
491.000000 -1.192725 1.783673 0.538717
492.000000 -1.547899 2.419248 0.166137
493.000000 -1.806477 2.623006 0.295585
494.000000 -1.873428 2.209301 -1.599286
495.000000 -1.792600 1.807313 -1.526142
496.000000 -1.593898 1.360166 -1.908976
497.000000 -1.524474 1.022551 -1.744124
498.000000 -1.541252 0.805302 -1.466975
499.000000 -1.536108 0.697321 -1.694242
500.000000 -1.536323 0.613266 -1.490539
501.000000 -1.538344 0.343405 -1.528242
502.000000 -1.346278 -0.132132 -1.433199
503.000000 -1.292379 -0.742943 -1.543922
504.000000 -1.276501 -0.315786 -1.690088
505.000000 -1.273401 -0.015271 -1.647388
506.000000 -1.312878 0.084669 -1.767284
507.000000 -1.315517 0.340885 -1.629672
508.000000 -1.512511 0.593597 -1.803049
509.000000 -1.535051 1.049010 -1.839187
510.000000 -1.713900 1.718035 -1.574603
511.000000 -1.937151 2.232674 -1.422784
512.000000 -2.175330 2.561487 0.521871
513.000000 -2.456805 2.670339 0.524447
514.000000 -2.895523 2.553062 -1.881844
515.000000 -3.470551 2.425830 0.460658
516.000000 -3.965520 2.235141 0.093698
517.000000 -4.274277 2.071835 0.289688
518.000000 -4.437066 1.981640 0.331616
519.000000 -4.292103 1.792893 0.335746
520.000000 -3.910846 1.425197 0.242572
521.000000 -1.038292 0.363846 -1.482174
522.000000 -0.805379 -0.191631 -1.724741
523.000000 -0.591969 -0.673273 -1.819918
524.000000 -0.397681 -0.479330 -1.787259
525.000000 -0.352673 -0.018245 -1.652336
526.000000 -0.479377 0.738634 -1.640681
527.000000 -0.681500 1.350534 0.216875
528.000000 -0.870694 1.779316 0.034248
529.000000 -0.988521 1.990063 -1.701014
530.000000 -0.821617 2.351953 0.564865
531.000000 -0.811788 2.514463 0.119419
532.000000 -0.601039 2.664586 -1.765480
533.000000 -0.576483 2.671262 -1.442391
534.000000 -0.747892 2.413072 -1.869212
535.000000 -0.759448 2.125682 -1.712839
536.000000 -0.774729 1.630409 -1.486481
537.000000 -0.935371 0.995060 -1.877469
538.000000 -1.149361 0.437709 -1.463562
539.000000 -1.342969 0.065200 -1.598153
540.000000 -1.462731 -0.163573 -1.902393
541.000000 -1.296989 -0.097527 -1.558724
542.000000 -0.903081 0.008623 -1.425821
543.000000 -0.274276 -0.005091 -1.503870
544.000000 0.207806 -0.066840 -1.752996
545.000000 0.506390 -0.180625 -1.648356
546.000000 0.575868 -0.071217 -1.841973
547.000000 0.289063 0.056643 -1.866260
548.000000 0.043307 0.397202 -1.679536
549.000000 -0.198546 0.762960 -1.670728
550.000000 -0.362506 1.150109 -1.765541
551.000000 -0.484527 1.352228 -1.776040
552.000000 -0.705674 1.538040 -1.884584
553.000000 -0.732148 1.897398 -1.433822
554.000000 -0.946729 2.078764 -1.679740
555.000000 -1.166057 2.254981 0.462547
556.000000 -1.204375 2.418625 0.282941
557.000000 -1.228713 2.733553 -1.840203
558.000000 -1.429650 2.488398 -1.521253
559.000000 -1.835869 2.395549 -1.885022
560.000000 -1.038292 0.363846 -1.727149
561.000000 -0.843612 -0.079762 -1.891719
562.000000 -0.591969 -0.663698 -1.791809
563.000000 -0.359355 -0.369519 -1.474290
564.000000 -0.120291 0.183538 -1.562429
565.000000 0.120940 0.648991 -1.913062
566.000000 0.324604 0.926569 -1.989375
567.000000 0.741962 1.364476 0.196812
568.000000 0.428779 1.607981 0.270432
569.000000 0.115265 1.649988 -1.448241
570.000000 -0.328513 1.887161 -1.952558
571.000000 -0.677255 2.045331 0.213335
572.000000 -0.910301 2.061317 0.506388
573.000000 -1.036208 1.873165 0.304333
574.000000 -1.332934 1.460831 0.413764
575.000000 -1.565173 0.884190 -1.549972
576.000000 -1.733442 0.380879 -1.561080
577.000000 -1.850168 0.060557 -1.538794
578.000000 -1.987881 -0.114772 -1.578064
579.000000 -2.081430 0.017298 0.269199
580.000000 -2.366985 0.380643 0.472454
581.000000 -2.400994 0.794240 -1.709185
582.000000 -2.393499 1.043870 0.345003
583.000000 -2.087060 1.288208 0.528701
584.000000 -1.547603 1.703345 -1.420067
585.000000 -1.155581 1.940724 -1.523155
586.000000 -0.947265 1.991056 -1.545336
587.000000 -0.959132 1.829230 -1.417951
588.000000 -1.203271 1.447324 -1.704002
589.000000 -1.418746 0.898208 -1.979128
590.000000 -1.543257 0.421554 -1.489409
591.000000 -1.541185 0.049027 -1.827017
592.000000 -1.622514 -0.219090 -1.923241
593.000000 -1.503687 -0.465498 -1.957217
594.000000 -1.376746 -0.663626 -1.967400
595.000000 -1.234193 -0.427656 -1.931125
596.000000 -1.086442 -0.276686 -1.523256
597.000000 -1.130893 -0.318545 -1.721393
598.000000 -1.000101 -0.208624 -1.953740
599.000000 -1.038292 0.363846 -1.742338
600.000000 -1.232181 -0.077727 -1.570070
601.000000 -1.369669 -0.471257 -1.420519
602.000000 -1.483923 -0.697695 -1.723623
603.000000 -1.509312 -0.526854 -1.488647
604.000000 -1.517549 -0.472069 -1.896262
605.000000 -1.325539 -0.238322 -1.993587
606.000000 -1.307476 0.190144 -1.512187
607.000000 -1.094126 0.651209 -1.976219
608.000000 -1.030869 1.135821 0.078140
609.000000 -1.047947 1.435739 0.387953
610.000000 -1.041087 1.911027 -1.663977
611.000000 -0.805907 2.578442 0.383697
612.000000 -0.591814 2.451113 0.451037
613.000000 -0.359053 1.930040 0.223836
614.000000 -0.120023 1.497067 0.176822
615.000000 0.082817 1.177515 -1.567066
616.000000 0.130752 1.150970 -1.481688
617.000000 -0.032025 0.977373 -1.586694
618.000000 -0.234642 0.999245 -1.591862
619.000000 -0.654960 0.843245 -1.649894
620.000000 -1.219357 0.719695 -1.479519
621.000000 -1.706368 0.546216 -1.885104
622.000000 -2.008045 0.404768 0.044166
623.000000 -2.164048 0.337980 0.449467
624.000000 -2.396886 0.556220 -1.922656
625.000000 -2.814876 0.810341 -1.948704
626.000000 -3.187021 0.896212 0.000146
627.000000 -3.539115 0.781579 0.571364
628.000000 -3.998003 0.444093 -1.580565
629.000000 -4.264904 0.249231 0.363882
630.000000 -4.720726 0.050753 0.198093
631.000000 -4.986652 -0.139383 -1.549615
632.000000 -5.054554 -0.325561 0.346097
633.000000 -5.089390 -0.317926 0.198360
634.000000 -5.099883 -0.484715 -1.824506
635.000000 -4.907835 -0.840601 -1.469089
636.000000 -4.851035 -1.343976 0.345161
637.000000 -4.831279 -1.771346 0.128909
638.000000 -1.038292 0.363846 -1.478923
639.000000 -0.843612 -0.079762 -1.498172
640.000000 -0.438164 -0.281564 -1.494507
641.000000 -0.188760 -0.432258 -1.792691
642.000000 0.066886 -0.281364 -1.792855
643.000000 0.506994 -0.279566 -1.501012
644.000000 0.467360 -0.229423 -1.474773
645.000000 0.054026 -0.227853 -1.558046
646.000000 -0.235081 -0.229586 -1.599185
647.000000 -0.398826 -0.270494 -1.972225
648.000000 -0.452207 -0.081000 -1.652686
649.000000 -0.675266 0.127797 -1.864268
650.000000 -1.026131 0.541645 -1.756156
651.000000 -1.294013 0.790305 -1.845330
652.000000 -1.450190 0.852052 -1.542219
653.000000 -1.694847 1.075208 0.441874
654.000000 -1.741114 1.101345 0.229277
655.000000 -1.586939 1.122559 -1.877616
656.000000 -1.207665 1.129378 -1.554026
657.000000 -0.784898 1.322933 0.040262
658.000000 -0.334333 1.340128 0.362965
659.000000 0.125430 1.201163 -1.833120
660.000000 0.394283 0.957533 -1.944106
661.000000 0.453187 0.728429 -1.925441
662.000000 0.666720 0.295846 -1.595369
663.000000 0.644292 -0.272675 -1.586784
664.000000 0.516691 -0.741677 -1.592157
665.000000 0.354361 -0.424289 -1.757680
666.000000 0.037606 -0.002286 -1.868064
667.000000 -0.414523 0.439663 -1.531062
668.000000 -0.786269 0.698700 -1.862991
669.000000 -1.047171 0.753107 -1.563936
670.000000 -1.396846 0.582169 -1.797944
671.000000 -1.743234 0.173916 -1.804994
672.000000 -1.906091 -0.090234 -1.966529
673.000000 -1.861702 -0.551655 -1.801111
674.000000 -1.936771 -0.590163 -1.498478
675.000000 -2.082008 -0.213321 0.376968
676.000000 -2.161550 0.253196 0.070904
677.000000 -1.038292 0.363846 -1.998708
678.000000 -1.232181 -0.077727 -1.657563
679.000000 -1.213104 -0.471621 -1.460377
680.000000 -1.270218 -0.697907 -1.903387
681.000000 -1.081862 -0.540740 -1.549127
682.000000 -1.065083 -0.574195 -1.643831
683.000000 -1.047192 -0.701834 -1.909898
684.000000 -1.041351 -0.615883 -1.734060
685.000000 -1.039586 -0.307891 -1.914125
686.000000 -1.039192 0.010650 -1.698169
687.000000 -1.195576 0.536202 -1.634790
688.000000 -1.409197 0.892316 -1.603223
689.000000 -1.680324 1.058763 0.414098
690.000000 -1.724890 1.384375 0.536780
691.000000 -1.947453 1.515658 -1.948665
692.000000 -1.976146 1.444580 -1.766085
693.000000 -1.998644 1.340282 -1.579524
694.000000 -1.811967 1.404233 -1.440294
695.000000 -1.601768 1.285270 -1.941471
696.000000 -1.564870 1.164789 -1.608768
697.000000 -1.346002 1.222069 -1.698868
698.000000 -0.931331 1.291801 0.528637
699.000000 -0.678709 1.188285 0.238612
700.000000 -0.614197 1.072422 -1.617873
701.000000 -0.581360 0.937306 -1.439562
702.000000 -0.570874 0.991695 -1.513723
703.000000 -0.761617 0.872818 -1.938232
704.000000 -0.780463 0.942088 -1.737831
705.000000 -0.994147 1.020674 -1.487859
706.000000 -1.406826 1.300220 -1.944830
707.000000 -1.969754 1.783801 -1.522695
708.000000 -2.457433 2.118254 0.243436
709.000000 -2.760478 2.273961 0.246328
710.000000 -2.918081 2.215374 -1.436825
711.000000 -2.768096 2.307939 -1.432048
712.000000 -2.381875 2.573954 -1.652148
713.000000 -1.758015 2.550333 0.462531
714.000000 -1.279841 2.268127 0.298782
715.000000 -0.984863 2.106686 0.591288
716.000000 -1.038292 0.363846 -1.994762
717.000000 -1.000000 -0.196108 -1.401017
718.000000 -1.000000 -0.681347 -1.748376
719.000000 -1.038293 -0.527251 -1.966095
720.000000 -1.232181 -0.008147 -1.990754
721.000000 -1.408030 0.571816 -1.611823
722.000000 -1.602318 0.984976 -1.996042
723.000000 -1.723178 1.197871 0.447604
724.000000 -1.558665 1.568123 0.190035
725.000000 -1.166032 1.929734 -1.477702
726.000000 -0.922700 2.111459 0.321610
727.000000 -0.863624 2.278614 0.092465
728.000000 -0.834842 2.618367 -1.628033
729.000000 -1.020966 2.559467 0.167524
730.000000 -1.425244 2.473086 0.148257
731.000000 -1.677987 2.637284 -1.720188
732.000000 -2.131274 2.661329 0.144596
733.000000 -2.710331 2.684322 0.314256
734.000000 -3.205710 2.752746 0.507522
735.000000 -3.589153 2.804694 0.507835
736.000000 -3.675310 2.901567 -1.443812
737.000000 -3.913524 2.809456 -1.789425
738.000000 -4.144230 2.889607 0.182029
739.000000 -4.384942 2.972130 0.052357
740.000000 -4.822812 3.258216 0.267063
741.000000 -5.205468 3.567356 0.329773
742.000000 -5.565247 3.704340 0.271789
743.000000 -5.836291 3.829249 -1.683812
744.000000 -6.090226 3.937288 0.570377
745.000000 -6.532526 3.850782 0.430434
746.000000 -6.992947 3.931288 -1.689148
747.000000 -7.394919 4.244994 0.268530
748.000000 -7.685539 4.513994 0.244439
749.000000 -7.842422 4.653265 -1.832981
750.000000 -8.080253 4.738116 0.132190
751.000000 -8.504583 4.587756 0.300760
752.000000 -8.960012 4.672417 -1.692729
753.000000 -9.361044 4.688417 0.546758
754.000000 -9.727930 4.633747 0.142866
755.000000 -1.038292 0.363846 -1.417599
756.000000 -0.843612 0.111998 -1.793540
757.000000 -0.630330 -0.338257 -1.761553
758.000000 -0.554356 -0.721478 -1.648282
759.000000 -0.567202 -0.511879 -1.699387
760.000000 -0.364076 -0.357784 -1.781374
761.000000 0.044642 -0.202738 -1.526914
762.000000 0.295262 -0.061031 -1.672115
763.000000 0.746472 0.074648 -1.420023
764.000000 0.439067 0.018915 -1.774154
765.000000 -0.070335 -0.055625 -1.436698
766.000000 -0.419897 0.041378 -1.459640
767.000000 -0.891638 -0.002701 -1.739434
768.000000 -1.253047 -0.086441 -1.496819
769.000000 -1.493697 -0.221386 -1.586567
770.000000 -1.625518 -0.514484 -1.533358
771.000000 -1.927561 -0.636045 -1.938934
772.000000 -2.241436 -0.657474 0.095386
773.000000 -2.571459 -0.541129 0.267024
774.000000 -3.024921 -0.216126 0.280932
775.000000 -3.380953 -0.068880 0.549949
776.000000 -3.620494 -0.111931 -1.549299
777.000000 -3.752631 -0.186842 -1.569241
778.000000 -4.055495 -0.091952 0.452352
779.000000 -4.370358 0.204934 0.320101
780.000000 -4.819055 0.535404 -1.780912
781.000000 -5.173985 0.699393 0.346178
782.000000 -5.413640 0.664385 0.027338
783.000000 -5.354979 0.786577 -1.588987
784.000000 -5.253971 1.093451 0.222971
785.000000 -5.320009 1.431139 0.428296
786.000000 -5.201922 1.790718 -1.720642
787.000000 -4.887436 1.969053 0.369596
788.000000 -4.349328 2.321840 0.422010
789.000000 -3.962254 2.483277 0.258617
790.000000 -3.759951 2.453682 0.193177
791.000000 -3.393655 2.574610 -1.622008
792.000000 -3.029915 2.501569 -1.409427
793.000000 -2.460161 2.650767 0.030809
794.000000 -1.038292 0.363846 -1.624432
795.000000 -0.843612 0.111998 -1.939318
796.000000 -0.630330 -0.145053 -1.856978
797.000000 -0.592038 -0.390440 -1.596256
798.000000 -0.567202 -0.440885 -1.937479
799.000000 -0.559028 -0.469812 -1.689073
800.000000 -0.556505 -0.285466 -1.444422
801.000000 -0.749713 -0.266736 -1.688369
802.000000 -0.768975 -0.056602 -1.560874
803.000000 -0.594645 0.348575 -1.425275
804.000000 -0.583268 0.597049 -1.514681
805.000000 -0.567890 0.656765 -1.875947
806.000000 -0.563642 0.495062 -1.689024
807.000000 -0.368396 0.103836 -1.976250
808.000000 0.036454 -0.435993 -1.536823
809.000000 0.284800 -0.620550 -1.606879
810.000000 0.346734 -0.216645 -1.409535
811.000000 0.187593 0.102360 -1.811242
812.000000 -0.204118 0.424311 -1.748771
813.000000 -0.373401 0.925572 -1.527371
814.000000 -0.433777 1.254423 0.294473
815.000000 -0.348996 1.395038 0.274999
816.000000 -0.147222 1.696302 -1.806575
817.000000 0.275506 1.801849 -1.917453
818.000000 0.725770 1.899860 -1.665765
819.000000 0.441993 2.175640 0.579730
820.000000 -0.011067 2.272826 0.247096
821.000000 -0.457724 2.176564 -1.793761
822.000000 -0.952107 2.278072 -1.519496
823.000000 -1.336464 2.337621 0.138703
824.000000 -1.600161 2.370017 0.519637
825.000000 -1.949285 2.252756 -1.887541
826.000000 -2.486378 2.118508 0.560665
827.000000 -3.170026 1.815757 0.312245
828.000000 -3.777145 1.487700 0.483607
829.000000 -4.199212 1.288960 0.441169
830.000000 -4.475697 1.213594 0.523594
831.000000 -4.444550 1.055242 -1.455615
832.000000 -4.561172 0.713102 0.003497
833.000000 -1.038292 0.363846 -1.524144
834.000000 -0.805379 -0.191631 -1.612635
835.000000 -0.591969 -0.673273 -1.986250
836.000000 -0.397681 -0.479330 -1.842899
837.000000 -0.352673 -0.018245 -1.642312
838.000000 -0.325530 0.367768 -1.797832
839.000000 -0.121468 0.568257 -1.975585
840.000000 0.095197 0.740013 -1.417124
841.000000 0.134777 0.700741 -1.844681
842.000000 0.160182 0.822705 -1.859082
843.000000 -0.024530 1.133334 0.252019
844.000000 -0.002386 1.666882 0.120944
845.000000 -0.019860 2.048420 0.481588
846.000000 -0.063546 2.245708 0.492505
847.000000 0.129743 2.413035 -1.966977
848.000000 0.148530 2.559559 -1.415492
849.000000 -0.024743 2.511799 -1.778234
850.000000 -0.420957 2.442928 -1.469935
851.000000 -0.667450 2.350720 -1.463869
852.000000 -1.114981 2.255749 0.055267
853.000000 -1.377311 2.156291 0.484896
854.000000 -1.830595 1.866576 0.000306
855.000000 -2.406154 1.632051 0.549968
856.000000 -2.896837 1.495684 0.169121
857.000000 -3.275190 1.485305 0.163179
858.000000 -3.356134 1.578950 0.251637
859.000000 -3.204622 1.511526 -1.856736
860.000000 -2.816754 1.623280 -1.993516
861.000000 -2.191200 1.771188 -1.667658
862.000000 -1.711321 1.896313 -1.739100
863.000000 -1.414631 2.025895 -1.968368
864.000000 -1.337955 2.120756 -1.826294
865.000000 -1.304506 2.060236 -1.606219
866.000000 -1.101965 1.789086 -1.703546
867.000000 -1.083989 1.293839 -1.445007
868.000000 -1.261421 0.941732 -1.945298
869.000000 -1.278795 0.582946 -1.960550
870.000000 -1.106320 0.424162 -1.817755
871.000000 -0.712675 0.095264 -1.923778
872.000000 -1.038292 0.363846 -1.942007
873.000000 -1.038292 0.112653 -1.408756
874.000000 -1.232181 -0.333559 -1.904394
875.000000 -1.369670 -0.717149 -1.473257
876.000000 -1.483924 -0.522084 -1.761972
877.000000 -1.316740 -0.374297 -1.848771
878.000000 -1.113765 -0.227726 -1.607907
879.000000 -0.691648 -0.094162 -1.835250
880.000000 -0.051023 0.073396 -1.432067
881.000000 0.436594 0.201229 -1.682239
882.000000 0.738851 0.292034 -1.900879
883.000000 0.447221 0.224535 -1.703082
884.000000 0.260784 -0.051323 -1.574188
885.000000 0.085967 -0.173937 -1.498312
886.000000 0.109617 -0.302454 -1.839946
887.000000 0.153150 -0.227190 -1.849169
888.000000 0.410595 -0.131733 -1.966350
889.000000 0.650347 -0.204241 -1.697164
890.000000 0.274339 -0.096679 -1.919367
891.000000 0.100344 -0.180052 -1.750426
892.000000 0.127836 -0.076969 -1.583382
893.000000 -0.004416 0.222590 -1.971359
894.000000 -0.248608 0.739058 -1.641671
895.000000 -0.404399 1.108107 0.218175
896.000000 -0.446692 1.295902 0.472338
897.000000 -0.382579 1.266782 -1.431462
898.000000 -0.101163 1.010874 -1.701514
899.000000 0.206542 0.595329 -1.668429
900.000000 0.341887 0.247596 -1.435668
901.000000 0.273303 0.003281 -1.402021
902.000000 -0.022150 -0.325759 -1.945126
903.000000 -0.477255 -0.578394 -1.850101
904.000000 -0.860374 -0.724556 -1.652635
905.000000 -1.135435 -0.742085 -1.828240
906.000000 -1.114405 -0.470983 -1.751606
907.000000 -1.245917 -0.151555 -1.713885
908.000000 -1.175066 0.001999 -1.883164
909.000000 -1.289961 0.146718 -1.923363
910.000000 -1.600665 0.463968 -1.693887
911.000000 -1.038292 0.363846 -1.752366
912.000000 -1.000000 -0.196108 -1.637019
913.000000 -1.000000 -0.681347 -1.654307
914.000000 -1.038293 -0.527251 -1.505477
915.000000 -1.232182 -0.346250 -1.960031
916.000000 -1.446166 0.027659 -1.995193
917.000000 -1.678894 0.217521 -1.891869
918.000000 -1.917988 0.402106 -1.858874
919.000000 -1.964501 0.765708 -1.982281
920.000000 -1.993123 0.949783 -1.481325
921.000000 -2.002628 1.326479 0.470492
922.000000 -2.199854 1.709285 0.445473
923.000000 -2.605974 1.919763 -1.712050
924.000000 -3.165677 2.151622 0.081432
925.000000 -3.651281 2.330396 0.258833
926.000000 -4.028128 2.465301 0.288809
927.000000 -4.494454 2.445061 0.058003
928.000000 -4.762743 2.211043 -1.906576
929.000000 -5.023565 1.751376 0.530968
930.000000 -5.036572 1.136252 0.353444
931.000000 -5.063920 0.591848 0.589883
932.000000 -5.070342 0.230822 0.318305
933.000000 -5.108037 0.014805 -1.515808
934.000000 -5.299020 0.101456 -1.489133
935.000000 -5.314545 0.236351 -1.572435
936.000000 -5.523880 0.399573 -1.750571
937.000000 -5.545175 0.764021 -1.550173
938.000000 -5.368968 0.957942 -1.562366
939.000000 -4.968741 0.972199 0.477405
940.000000 -4.335044 1.182500 0.491930
941.000000 -3.848610 1.350587 0.326881
942.000000 -3.545832 1.493092 0.354016
943.000000 -3.078653 1.674656 -1.896911
944.000000 -2.808443 1.668435 -1.545380
945.000000 -2.737996 1.460688 -1.955238
946.000000 -2.703421 1.399283 -1.732366
947.000000 -2.885388 1.336048 -1.678690
948.000000 -2.901356 1.475188 -1.807909
949.000000 -2.725889 1.444560 -1.796460
950.000000 -2.328653 1.234001 -1.701347
951.000000 -1.889176 1.066180 0.403045
952.000000 -1.616778 0.916363 -1.931571
953.000000 -1.160268 0.853715 -1.977139
954.000000 -0.700486 1.001082 0.347921
955.000000 -0.032571 1.359384 0.141561
956.000000 0.464113 1.566684 -1.757704
957.000000 0.734171 1.595728 -1.641858
958.000000 0.417624 1.401382 -1.888666
959.000000 0.141973 1.357123 -1.934158
960.000000 -0.141396 1.308075 -1.779031
961.000000 -0.427369 1.075325 -1.507204
962.000000 -0.714218 1.019868 -1.929727
963.000000 -0.806673 0.773375 -1.595335
964.000000 -1.075085 0.714552 -1.458852
965.000000 -1.536032 0.470962 -1.803287
966.000000 -2.145063 0.445538 0.493762
967.000000 -2.678093 0.389939 0.294102
968.000000 -3.101733 0.310253 0.201545
969.000000 -3.614639 0.274290 0.466718
970.000000 -1.038292 0.363846 -1.424970
971.000000 -1.194620 -0.191631 -1.440514
972.000000 -1.408030 -0.673273 -1.416345
973.000000 -1.602318 -0.479330 -1.531208
974.000000 -1.723178 -0.017422 -1.624393
975.000000 -1.558666 0.367006 -1.852143
976.000000 -1.318499 0.953168 -1.787572
977.000000 -1.129305 1.354649 0.329351
978.000000 -1.087349 1.565336 0.155232
979.000000 -0.867759 1.546685 0.088620
980.000000 -0.646802 1.487225 0.472318
981.000000 -0.606960 1.402534 -1.448817
982.000000 -0.773857 1.308740 -1.652918
983.000000 -0.979150 1.210034 -1.553223
984.000000 -1.401723 1.301513 -1.853144
985.000000 -1.658589 1.604340 -1.601900
986.000000 -2.112057 1.753334 0.591703
987.000000 -2.689838 1.757208 0.247191
988.000000 -3.183441 1.694092 0.377104
989.000000 -3.564944 1.570671 0.058477
990.000000 -3.649109 1.665817 -1.536477
991.000000 -3.885309 1.585899 -1.867500
992.000000 -4.113996 1.311399 0.244025
993.000000 -4.546214 1.006865 0.254920
994.000000 -4.731150 0.559123 0.034861
995.000000 -4.837685 0.202792 0.496722
996.000000 -4.913218 -0.039791 -1.549717
997.000000 -5.121421 0.012677 0.261132
998.000000 -5.146785 -0.084251 0.291076
999.000000 -4.976102 0.017514 -1.707167
1000.000000 -4.581938 0.308788 -1.985483
1001.000000 -4.338855 0.827227 -1.840414
1002.000000 -4.243205 1.197459 -1.616168
1003.000000 -4.252740 1.385480 -1.940575
1004.000000 -4.246908 1.351425 -1.408037
1005.000000 -4.442180 1.093218 -1.772618
1006.000000 -4.660172 0.974355 -1.678554
1007.000000 -5.090830 1.039421 0.321111
1008.000000 -5.663767 1.166891 0.149533
1009.000000 -6.158693 1.280138 20.117958
1010.000000 -6.543564 1.362643 20.444830
1011.000000 -7.017476 1.679435 20.477222
1012.000000 -7.017476 1.679435 20.038715
1013.000000 -7.017476 1.679435 20.165960
1014.000000 -7.017476 1.679435 20.059639
1015.000000 -7.017476 1.679435 20.039219
1016.000000 -7.017476 1.679435 20.100098
1017.000000 -7.017476 1.679435 20.423386
1018.000000 -7.017476 1.679435 20.122448
1019.000000 -7.017476 1.679435 20.390556
1020.000000 -7.017476 1.679435 20.470158
1021.000000 -7.017476 1.679435 20.366133
1022.000000 -7.017476 1.679435 20.582142
1023.000000 -7.017476 1.679435 20.070211
1024.000000 -7.605099 2.200565 20.015018
1025.000000 -7.017476 1.679435 20.562420
1026.000000 -7.605099 1.860758 20.420317
1027.000000 -7.017476 1.679435 20.562380
1028.000000 -7.605099 1.860758 20.501299
1029.000000 -7.017476 1.679435 20.011375
1030.000000 -7.605100 2.012935 20.136311
1031.000000 -7.017476 1.679435 20.259504
1032.000000 -7.605100 2.012935 20.373430
1033.000000 -7.017476 1.679435 20.237642
1034.000000 -7.605100 2.012935 20.169239
1035.000000 -7.017476 1.679435 20.137390
1036.000000 -7.605100 2.012935 20.133205
1037.000000 -7.017476 1.679435 20.358902
1038.000000 -7.605099 1.860758 20.221071
1039.000000 -7.017476 1.679435 20.077717
1040.000000 -7.605099 2.200565 20.009602
1041.000000 -7.017476 1.679435 20.058903
1042.000000 -7.605099 2.200565 20.544685
1043.000000 -7.017476 1.679435 20.123442
1044.000000 -7.605099 1.860758 20.413198
1045.000000 -7.017476 1.679435 20.181589
1046.000000 -7.605100 2.012935 20.173290
1047.000000 -7.017476 1.679435 20.218710
1048.000000 -7.605099 2.200565 20.141706
1049.000000 -7.017476 1.679435 20.556318
1050.000000 -7.605100 2.012935 20.367212
1051.000000 -7.017476 1.679435 20.318943
1052.000000 -7.605100 2.012935 20.115063
1053.000000 -7.017476 1.679435 20.101110
1054.000000 -7.605099 2.200565 20.492701
1055.000000 -7.017476 1.679435 20.198874
1056.000000 -7.605099 2.200565 20.254169
1057.000000 -8.104927 2.569498 20.048965
1058.000000 -8.416007 2.759524 20.504713
1059.000000 -8.580274 2.735222 18.419264
1060.000000 -8.436533 2.862024 18.117990
1061.000000 -8.440396 3.173705 20.440025
1062.000000 -8.435362 3.705675 20.545811
1063.000000 -8.595941 4.086731 20.155058
1064.000000 -7.017476 1.679435 20.299681
1065.000000 -7.605099 1.860758 20.510576
1066.000000 -8.104926 2.004769 20.081299
1067.000000 -8.491457 2.098333 20.079845
1068.000000 -8.771642 2.418830 18.058485
1069.000000 -8.951945 2.948791 18.405304
1070.000000 -9.044960 3.323835 20.180250
1071.000000 -9.116672 3.513431 20.221224
1072.000000 -9.129903 3.865908 18.266714
1073.000000 -7.017476 1.679435 20.394892
1074.000000 -7.605100 2.012935 20.027800
1075.000000 -8.104926 2.174851 20.087700
1076.000000 -8.491456 2.136002 20.341698
1077.000000 -8.580271 2.067051 18.157127
1078.000000 -8.436527 2.160667 18.159334
1079.000000 -8.246525 2.453983 18.406187
1080.000000 -7.834069 2.780519 18.203936
1081.000000 -7.587883 2.940982 18.392986
1082.000000 -7.017476 1.679435 20.034893
1083.000000 -7.605099 2.200565 20.201740
1084.000000 -8.104927 2.569498 20.144508
1085.000000 -8.416007 2.759524 20.548145
1086.000000 -8.580274 2.735222 18.427250
1087.000000 -8.820976 2.481150 18.034115
1088.000000 -9.054127 2.369324 20.230412
1089.000000 -9.297265 2.251787 20.344503
1090.000000 -9.349017 2.335613 18.119728
1091.000000 -7.017476 1.679435 20.381939
1092.000000 -7.605099 2.200565 20.334173
1093.000000 -8.104927 2.569498 20.105297
1094.000000 -8.416007 2.759524 20.409237
1095.000000 -8.580274 2.735222 18.093025
1096.000000 -8.436526 2.676691 18.321720
1097.000000 -8.246523 2.399861 18.589687
1098.000000 -8.222293 1.906980 20.561258
1099.000000 -8.362702 1.262538 20.593578
1100.000000 -7.017476 1.679435 20.589966
1101.000000 -7.605099 1.860758 20.571470
1102.000000 -8.104926 2.004769 20.218496
1103.000000 -8.491457 2.098333 20.377035
1104.000000 -8.889620 2.419648 18.044661
1105.000000 -9.241808 2.564713 20.303009
1106.000000 -9.317197 2.711612 20.130594
1107.000000 -9.358540 3.038253 20.021179
1108.000000 -9.375210 3.185711 20.176765
1109.000000 -7.017476 1.679435 20.043571
1110.000000 -7.605100 2.012935 20.136024
1111.000000 -8.104926 2.174851 20.595861
1112.000000 -8.491456 2.136002 20.329275
1113.000000 -8.965921 2.253301 18.429516
1114.000000 -9.360260 2.403558 20.304335
1115.000000 -9.724083 2.488523 20.531052
1116.000000 -10.190984 2.424131 20.132656
1117.000000 -10.583028 2.184238 20.296400
1118.000000 -7.017476 1.679435 20.591345
1119.000000 -7.605099 1.860758 20.481987
1120.000000 -8.104926 2.004769 20.555553
1121.000000 -8.491457 2.098333 20.175152
1122.000000 -8.965920 2.226520 18.470463
1123.000000 -9.553728 2.199818 20.519840
1124.000000 -10.053617 2.116100 20.299625
1125.000000 -10.440164 1.975399 20.557661
1126.000000 -10.720365 1.866450 20.084713
1127.000000 -7.017476 1.679435 20.315306
1128.000000 -7.605099 2.200565 20.098574
1129.000000 -8.104927 2.569498 20.522417
1130.000000 -8.416007 2.759524 20.073164
1131.000000 -8.580274 2.735222 18.375885
1132.000000 -8.820976 2.668429 18.330765
1133.000000 -9.054124 2.382101 20.151178
1134.000000 -9.297258 2.065944 20.289543
1135.000000 -9.661784 1.805037 20.166521
1136.000000 -7.017476 1.679435 20.561115
1137.000000 -7.605099 1.860758 20.391893
1138.000000 -8.104926 2.004769 20.215511
1139.000000 -8.491457 2.098333 20.232780
1140.000000 -8.771642 2.418830 18.175997
1141.000000 -9.146935 2.947314 20.338583
1142.000000 -9.415299 3.321654 20.263449
1143.000000 -9.564028 3.513373 20.165571
1144.000000 -9.798536 3.675209 18.404566
1145.000000 -7.017476 1.679435 20.536671
1146.000000 -7.605099 2.200565 20.041018
1147.000000 -8.104927 2.569498 20.375727
1148.000000 -8.416007 2.759524 20.119297
1149.000000 -8.580274 2.735222 18.412373
1150.000000 -8.626987 2.483402 18.138502
1151.000000 -8.414411 2.076178 18.240736
1152.000000 -8.250527 1.738389 20.575489
1153.000000 -8.220417 1.506848 20.010801
1154.000000 -7.017476 1.679435 20.376423
1155.000000 -7.605100 2.012935 20.065329
1156.000000 -8.104926 2.174851 20.290670
1157.000000 -8.491456 2.136002 20.398121
1158.000000 -8.771641 1.873828 20.312252
1159.000000 -8.834552 1.758021 20.134563
1160.000000 -8.871179 1.441500 18.573906
1161.000000 -9.080169 0.927975 20.335634
1162.000000 -9.263556 0.259453 20.319538
1163.000000 -7.017476 1.679435 20.367563
1164.000000 -7.605099 1.860758 20.086557
1165.000000 -8.104926 2.004769 20.078688
1166.000000 -8.491457 2.098333 20.329050
1167.000000 -8.580271 2.226219 18.095346
1168.000000 -8.436527 2.167564 18.551661
1169.000000 -8.440390 1.898096 20.151129
1170.000000 -8.435356 1.397277 20.158184
1171.000000 -8.206761 0.738886 20.074627
1172.000000 -8.000896 0.152787 24.059910
1173.000000 -7.815245 -0.250546 24.333647
1174.000000 -7.779236 -0.511652 24.089716
1175.000000 -7.779236 -0.511652 24.441717
1176.000000 -7.779236 -0.511652 24.235043
1177.000000 -7.779236 -0.511652 24.097185
1178.000000 -7.779236 -0.511652 24.219683
1179.000000 -7.779236 -0.511652 24.023575
1180.000000 -7.779236 -0.511652 24.322502
1181.000000 -7.779236 -0.511652 24.005220
1182.000000 -7.779236 -0.511652 24.394392
1183.000000 -7.779236 -0.511652 24.428522
1184.000000 -7.779236 -0.511652 24.100912
1185.000000 -7.779236 -0.511652 24.022650
1186.000000 -7.779236 -0.511652 24.562220
1187.000000 -7.952212 -0.477762 22.294121
1188.000000 -7.779236 -0.511652 24.318087
1189.000000 -7.952212 -0.660109 22.471485
1190.000000 -7.779236 -0.511652 24.381311
1191.000000 -7.566455 -0.464947 22.166403
1192.000000 -7.779236 -0.511652 24.251068
1193.000000 -7.761214 -0.466824 22.575241
1194.000000 -7.779236 -0.511652 24.517593
1195.000000 -7.566455 -0.654626 22.507494
1196.000000 -7.779236 -0.511652 24.484375
1197.000000 -7.952213 -0.845811 22.115189
1198.000000 -7.779236 -0.511652 24.438568
1199.000000 -7.566455 -0.464947 22.235121
1200.000000 -7.779236 -0.511652 24.267281
1201.000000 -7.566453 -0.847784 22.590963
1202.000000 -7.779236 -0.511652 24.464035
1203.000000 -7.566453 -0.847784 22.253582
1204.000000 -7.779236 -0.511652 24.541643
1205.000000 -7.566455 -0.464947 22.379215
1206.000000 -7.779236 -0.511652 24.367876
1207.000000 -7.566455 -0.464947 22.069971
1208.000000 -7.779236 -0.511652 24.444950
1209.000000 -7.952212 -0.660109 22.173708
1210.000000 -7.779236 -0.511652 24.194496
1211.000000 -7.952212 -0.477762 22.469481
1212.000000 -7.779236 -0.511652 24.070312
1213.000000 -7.761213 -0.847910 22.066301
1214.000000 -7.779236 -0.511652 24.289537
1215.000000 -7.761213 -0.847910 22.490591
1216.000000 -7.779236 -0.511652 24.595106
1217.000000 -7.952213 -0.845811 22.313231
1218.000000 -7.779236 -0.511652 24.545135
1219.000000 -7.952213 -0.845811 22.224140
1220.000000 -7.970199 -1.370222 24.463394
1221.000000 -7.761547 -1.843056 24.496088
1222.000000 -7.561559 -2.221234 24.515371
1223.000000 -7.377118 -2.471090 24.133259
1224.000000 -7.340781 -2.610276 22.032785
1225.000000 -7.321888 -2.689517 22.209642
1226.000000 -7.320913 -2.503421 22.296511
1227.000000 -7.779236 -0.511652 24.462141
1228.000000 -7.761214 -0.466824 22.292156
1229.000000 -7.761279 -0.185473 22.372149
1230.000000 -7.767488 0.143845 22.277527
1231.000000 -7.775763 0.695391 22.245621
1232.000000 -7.551802 1.273963 22.273365
1233.000000 -7.347578 1.681582 22.352701
1234.000000 -7.162557 1.886217 22.300419
1235.000000 -6.738243 2.054520 24.406292
1236.000000 -7.779236 -0.511652 24.244293
1237.000000 -7.566455 -0.464947 22.379913
1238.000000 -7.352559 -0.566790 22.026205
1239.000000 -6.931308 -0.659131 24.457375
1240.000000 -6.295284 -0.534083 24.444117
1241.000000 -5.813724 -0.430791 22.481441
1242.000000 -5.517962 -0.346552 22.187540
1243.000000 -5.443076 -0.034674 22.599346
1244.000000 -5.600691 0.112551 22.514671
1245.000000 -7.779236 -0.511652 24.194490
1246.000000 -7.952212 -0.477762 22.477333
1247.000000 -8.353733 -0.401309 22.511770
1248.000000 -8.915476 -0.447644 22.287710
1249.000000 -9.405437 -0.541216 24.175888
1250.000000 -9.787405 -0.688557 28.080965
1251.000000 -10.259110 -0.609362 28.013371
1252.000000 -10.532867 -0.322127 28.001097
1253.000000 -10.532867 -0.322127 28.326204
1254.000000 -10.532867 -0.322127 28.114466
1255.000000 -10.532867 -0.322127 28.015852
1256.000000 -10.532867 -0.322127 28.416891
1257.000000 -10.532867 -0.322127 28.381758
1258.000000 -10.532867 -0.322127 28.364849
1259.000000 -10.532867 -0.322127 28.426266
1260.000000 -10.532867 -0.322127 28.387819
1261.000000 -10.532867 -0.322127 28.402142
1262.000000 -10.532867 -0.322127 28.170868
1263.000000 -10.532867 -0.322127 28.221607
1264.000000 -10.532867 -0.322127 28.526659
1265.000000 -10.993731 -0.189320 26.367714
1266.000000 -10.532867 -0.322127 28.459829
1267.000000 -10.606312 -0.002718 26.417168
1268.000000 -10.532867 -0.322127 28.169657
1269.000000 -10.568222 0.182280 26.198402
1270.000000 -10.532867 -0.322127 28.521851
1271.000000 -10.606312 -0.002718 26.002815
1272.000000 -10.532867 -0.322127 28.522303
1273.000000 -10.993731 -0.189320 26.404175
1274.000000 -10.532867 -0.322127 28.386358
1275.000000 -10.799184 0.001621 26.477234
1276.000000 -10.532867 -0.322127 28.314503
1277.000000 -10.799184 0.001621 26.574533
1278.000000 -10.532867 -0.322127 28.564989
1279.000000 -10.917570 0.002218 26.385658
1280.000000 -10.532867 -0.322127 28.550920
1281.000000 -10.993731 -0.189320 26.471188
1282.000000 -10.532867 -0.322127 28.534431
1283.000000 -10.799184 0.001621 26.110411
1284.000000 -10.532867 -0.322127 28.545227
1285.000000 -10.993731 -0.189320 26.193501
1286.000000 -10.532867 -0.322127 28.375488
1287.000000 -10.568222 0.182280 26.360613
1288.000000 -10.532867 -0.322127 28.320621
1289.000000 -10.606312 -0.002718 26.543072
1290.000000 -10.532867 -0.322127 28.099892
1291.000000 -10.917568 0.192098 26.302876
1292.000000 -10.532867 -0.322127 28.364162
1293.000000 -10.799184 0.001621 26.059244
1294.000000 -10.532867 -0.322127 28.173847
1295.000000 -10.917568 0.192098 26.297760
1296.000000 -10.532867 -0.322127 28.551888
1297.000000 -10.799184 0.001621 26.340275
1298.000000 -10.817703 0.540843 26.589024
1299.000000 -10.888926 0.914253 26.469440
1300.000000 -10.668609 1.291762 28.332966
1301.000000 -10.499064 1.465003 28.340797
1302.000000 -10.463953 1.807637 26.387087
1303.000000 -10.595653 2.333765 28.286507
1304.000000 -10.801083 2.699306 28.483408
1305.000000 -10.532867 -0.322127 28.359121
1306.000000 -10.568222 0.182280 26.246391
1307.000000 -10.607403 0.540426 26.410355
1308.000000 -10.660587 0.715027 26.550192
1309.000000 -10.861361 0.861400 26.426113
1310.000000 -11.079400 1.176664 28.417501
1311.000000 -11.315302 1.311457 28.377947
1312.000000 -11.557265 1.442362 26.178934
1313.000000 -11.801268 1.560106 26.105522
1314.000000 -10.532867 -0.322127 28.234404
1315.000000 -10.568222 0.182280 26.039886
1316.000000 -10.607403 0.540426 26.089281
1317.000000 -10.660587 0.715027 26.213707
1318.000000 -10.472763 0.860352 26.253162
1319.000000 -10.263644 1.177860 28.261024
1320.000000 -10.034208 1.506940 28.413750
1321.000000 -9.798030 1.658789 28.587093
1322.000000 -9.753550 1.610876 28.150291
1323.000000 -10.532867 -0.322127 28.189629
1324.000000 -10.606312 -0.002718 26.438177
1325.000000 -10.454697 0.341358 26.228243
1326.000000 -10.069252 0.508529 26.408760
1327.000000 -9.446987 0.663593 26.236406
1328.000000 -8.970720 0.644491 26.408356
1329.000000 -8.677736 0.527840 26.479853
1330.000000 -8.604788 0.427615 26.011984
1331.000000 -8.575085 0.127872 26.442219
1332.000000 -10.532867 -0.322127 28.238064
1333.000000 -10.722655 0.191303 26.567446
1334.000000 -10.817698 0.557602 26.591558
1335.000000 -10.888923 0.740662 26.346603
1336.000000 -11.095207 0.895381 28.103735
1337.000000 -11.119501 0.832864 28.153896
1338.000000 -11.141148 0.938683 26.564440
1339.000000 -11.343449 1.233105 28.598007
1340.000000 -11.752333 1.368712 28.355221
1341.000000 -10.532867 -0.322127 28.545462
1342.000000 -10.993731 -0.189320 26.440514
1343.000000 -11.264023 -0.053682 28.314667
1344.000000 -11.723661 0.074220 28.036695
1345.000000 -12.305006 0.424346 28.528084
1346.000000 -12.801283 0.718120 28.594357
1347.000000 -13.109708 0.880305 28.167986
1348.000000 -13.271617 0.843637 28.018312
1349.000000 -13.316076 0.771735 26.072693
1350.000000 -10.532867 -0.322127 28.040358
1351.000000 -10.722655 0.191303 26.376373
1352.000000 -10.817698 0.557602 26.172949
1353.000000 -10.888923 0.740662 26.296951
1354.000000 -10.900815 0.893363 26.589252
1355.000000 -11.099787 0.836171 28.016815
1356.000000 -11.316426 0.939903 28.573317
1357.000000 -11.744225 0.854746 26.575668
1358.000000 -12.003920 0.565192 28.548073
1359.000000 -10.532867 -0.322127 28.574524
1360.000000 -10.993731 -0.189320 26.188335
1361.000000 -11.575515 -0.013668 28.026310
1362.000000 -12.071963 0.114554 28.443546
1363.000000 -12.455928 0.201178 28.224247
1364.000000 -12.733818 0.324761 26.194252
1365.000000 -13.182913 0.448983 28.144676
1366.000000 -13.449309 0.570840 28.353125
1367.000000 -13.907393 0.694817 26.167543
1368.000000 -10.532867 -0.322127 28.097740
1369.000000 -10.606312 -0.002718 26.119862
1370.000000 -10.839972 0.344568 26.592136
1371.000000 -11.261174 0.512362 28.273493
1372.000000 -11.519415 0.466089 28.305895
1373.000000 -11.975024 0.577926 26.586521
1374.000000 -12.438887 0.684152 28.447813
1375.000000 -12.722833 0.608263 28.109205
1376.000000 -12.993173 0.327227 26.456469
1377.000000 -10.532867 -0.322127 28.056923
1378.000000 -10.606308 -0.191415 26.299942
1379.000000 -10.839970 0.140012 26.065020
1380.000000 -10.873720 0.286349 26.582207
1381.000000 -11.093985 0.622871 28.048077
1382.000000 -11.510317 0.962983 28.241774
1383.000000 -12.075922 1.314780 28.333735
1384.000000 -12.565935 1.481289 28.289896
1385.000000 -12.946695 1.442214 26.551781
1386.000000 -10.532867 -0.322127 28.552433
1387.000000 -10.993731 -0.189320 26.357672
1388.000000 -11.382437 0.140886 28.140570
1389.000000 -11.743092 0.287707 28.232321
1390.000000 -12.207700 0.431745 28.114000
1391.000000 -12.674292 0.368070 28.431755
1392.000000 -13.271655 0.130080 28.410553
1393.000000 -13.774164 -0.147478 28.453171
1394.000000 -14.085617 -0.300611 28.319948
1395.000000 -10.532867 -0.322127 28.117504
1396.000000 -10.722655 0.191303 26.345589
1397.000000 -10.817698 0.557602 26.254667
1398.000000 -10.888923 0.740662 26.182453
1399.000000 -10.900816 1.087437 28.165449
1400.000000 -10.867392 1.625070 28.044115
1401.000000 -10.908229 1.999472 26.529362
1402.000000 -10.871681 2.571315 28.545448
1403.000000 -10.873164 2.956867 28.042196
1404.000000 -10.532867 -0.322127 28.057116
1405.000000 -10.799185 -0.191590 26.503174
1406.000000 -11.050142 -0.054991 28.469534
1407.000000 -11.295980 0.071060 28.245592
1408.000000 -11.345466 0.193381 26.532640
1409.000000 -11.570232 0.315660 26.318651
1410.000000 -11.600175 0.629338 26.377941
1411.000000 -11.623637 0.961877 26.538260
1412.000000 -11.788701 1.505685 28.286276
1413.000000 -11.967497 1.881020 28.425989
1414.000000 -12.083823 2.067540 28.174734
1415.000000 -12.110731 2.416124 28.347269
1416.000000 -12.081971 2.954528 26.134893
1417.000000 -12.124084 3.329454 28.149137
1418.000000 -11.893079 3.708156 28.183073
1419.000000 -11.719290 3.883304 28.588428
1420.000000 -11.682040 3.848626 26.148382
1421.000000 -11.463333 3.960090 26.464043
1422.000000 -11.436685 4.261041 28.333027
1423.000000 -11.221321 4.754106 28.530722
1424.000000 -11.195864 4.380391 26.500854
1425.000000 -11.330405 3.900876 26.086008
1426.000000 -11.497972 3.510232 26.028305
1427.000000 -11.609540 3.232191 26.140896
1428.000000 -10.532867 -0.322127 28.475985
1429.000000 -10.606308 -0.191415 26.357517
1430.000000 -10.454699 -0.235402 26.318985
1431.000000 -10.453557 -0.119578 26.087559
1432.000000 -10.249403 0.185364 26.000889
1433.000000 -10.036262 0.519932 26.362520
1434.000000 -9.612949 0.686122 26.288046
1435.000000 -8.973983 0.697010 26.446741
1436.000000 -8.489132 0.632076 26.569626
1437.000000 -8.189974 0.506699 26.002245
1438.000000 -7.727158 0.214550 26.220516
1439.000000 -7.073537 -0.019367 26.554976
1440.000000 -6.584016 -0.194682 28.311668
1441.000000 -6.283243 -0.357932 28.092121
1442.000000 -6.204314 -0.283675 26.067297
1443.000000 -5.975250 -0.181114 26.454472
1444.000000 -5.947111 -0.248778 26.290134
1445.000000 -5.733724 -0.139649 26.461426
1446.000000 -5.323623 0.160023 26.596022
1447.000000 -5.075198 0.301339 26.255814
1448.000000 -4.822352 0.253365 26.180216
1449.000000 -4.385619 0.173965 26.090382
1450.000000 -3.741530 0.112988 28.199722
1451.000000 -3.254833 0.005817 28.275846
1452.000000 -10.532867 -0.322127 28.058559
1453.000000 -10.568222 0.182280 26.411137
1454.000000 -10.607403 0.540426 26.466333
1455.000000 -10.660587 0.715027 26.536461
1456.000000 -10.667234 1.052833 28.394394
1457.000000 -10.476542 1.195570 28.017479
1458.000000 -10.266346 1.140804 26.303036
1459.000000 -10.036458 1.243320 26.317341
1460.000000 -9.800035 1.535206 28.267654
1461.000000 -9.561422 2.048208 28.057594
1462.000000 -9.515985 2.412065 28.433805
1463.000000 -9.644114 2.970178 26.024914
1464.000000 -9.848294 3.345932 28.544296
1465.000000 -10.116332 3.527112 28.337769
1466.000000 -10.354782 3.482963 28.311926
1467.000000 -10.789889 3.587434 26.269098
1468.000000 -11.051393 3.877669 28.368162
1469.000000 -11.312701 4.196673 28.107176
1470.000000 -11.328790 4.728438 28.440643
1471.000000 -11.398484 4.433415 26.018265
1472.000000 -11.409153 4.255712 26.287189
1473.000000 -11.606995 4.283062 26.035643
1474.000000 -11.822533 4.534345 26.564390
1475.000000 -12.249244 4.638714 28.530420
1476.000000 -10.532867 -0.322127 28.106766
1477.000000 -10.917570 0.002218 26.240543
1478.000000 -11.264023 0.158784 28.243809
1479.000000 -11.336099 0.496917 28.246176
1480.000000 -11.375034 0.644341 26.067760
1481.000000 -11.195679 0.978558 26.416506
1482.000000 -10.798084 1.313668 28.256145
1483.000000 -10.169032 1.662739 28.394413
1484.000000 -9.688004 1.825338 28.240997
1485.000000 -9.390859 1.786227 28.553045
1486.000000 -9.313952 1.530189 26.450363
1487.000000 -9.242309 1.108862 26.335609
1488.000000 -9.234473 0.762648 26.110291
1489.000000 -9.273900 0.524422 26.444355
1490.000000 -9.471870 0.389840 26.104650
1491.000000 -9.496287 0.083123 26.234512
1492.000000 -9.327216 -0.232301 26.140402
1493.000000 -8.935610 -0.375868 26.316765
1494.000000 -8.501476 -0.623382 26.598139
1495.000000 -8.234329 -0.830883 26.024965
1496.000000 -7.783030 -0.956905 26.467045
1497.000000 -7.135328 -1.220707 28.317507
1498.000000 -6.649430 -1.499447 28.080498
1499.000000 -6.351567 -1.645415 28.345707
1500.000000 -10.532867 -0.322127 28.375723
1501.000000 -10.799185 -0.191590 26.380436
1502.000000 -10.855895 -0.243400 26.524633
1503.000000 -11.083320 -0.513770 28.523399
1504.000000 -11.501582 -0.637652 28.542786
1505.000000 -11.566390 -0.945784 26.078032
1506.000000 -11.223297 -1.197084 28.004837
1507.000000 -11.006178 -1.256588 28.272156
1508.000000 -10.990300 -1.172841 28.174875
1509.000000 -11.010825 -0.783300 26.379349
1510.000000 -10.860160 -0.346630 26.459700
1511.000000 -10.855498 0.118377 26.037130
1512.000000 -10.891550 0.399111 26.325556
1513.000000 -10.979548 0.472995 26.532984
1514.000000 -11.227634 0.325177 26.497667
1515.000000 -11.302719 0.317172 26.488716
1516.000000 -11.572325 0.306509 26.034529
1517.000000 -11.849084 0.304429 26.352818
1518.000000 -12.258204 0.496907 28.346846
1519.000000 -12.649295 0.516301 28.059593
1520.000000 -12.772407 0.728103 26.433075
1521.000000 -13.058984 0.754305 28.170115
1522.000000 -13.534113 0.777123 28.509180
1523.000000 -14.155992 0.635561 28.070049
1524.000000 -10.532867 -0.322127 28.111403
1525.000000 -10.606312 -0.002718 26.527338
1526.000000 -10.839972 0.151848 26.448648
1527.000000 -10.873727 0.101910 26.246029
1528.000000 -10.899445 0.017645 26.051231
1529.000000 -11.103871 0.102223 28.427198
1530.000000 -11.514255 0.195153 28.185204
1531.000000 -11.768517 0.109860 26.512039
1532.000000 -11.833976 0.204341 26.164488
1533.000000 -12.064355 0.301512 28.498367
1534.000000 -12.291392 0.217934 28.415037
1535.000000 -12.723233 0.311408 26.217190
1536.000000 -13.179168 0.214125 28.011959
1537.000000 -13.460114 0.108930 28.324871
1538.000000 -13.536509 -0.196029 26.598837
1539.000000 -13.771418 -0.715427 26.070591
1540.000000 -13.767567 -1.393023 28.229118
1541.000000 -13.793763 -1.995384 28.196045
1542.000000 -13.804404 -2.413797 28.472034
1543.000000 -13.848117 -2.687024 28.214090
1544.000000 -14.045708 -2.721731 28.275614
1545.000000 -14.453678 -2.651888 28.068800
1546.000000 -14.707178 -2.718273 26.270615
1547.000000 -14.772311 -2.748313 26.147856
1548.000000 -10.532867 -0.322127 28.062634
1549.000000 -10.606308 -0.191415 26.100483
1550.000000 -10.839970 0.140012 26.481937
1551.000000 -10.992175 0.672050 26.268791
1552.000000 -11.075192 1.045805 28.243158
1553.000000 -11.143174 1.233024 28.546133
1554.000000 -10.960645 1.581880 28.345974
1555.000000 -10.561791 1.737344 28.305004
1556.000000 -10.316797 2.078127 28.235205
1557.000000 -10.257419 2.233598 28.557171
1558.000000 -10.034363 2.186466 26.323053
1559.000000 -9.620487 2.111153 28.272226
1560.000000 -9.176438 2.011976 28.259981
1561.000000 -8.515063 1.942943 26.264639
1562.000000 -8.021735 1.833108 26.430946
1563.000000 -7.718394 1.685899 26.014471
1564.000000 -7.447406 1.573825 26.524284
1565.000000 -7.391926 1.275244 26.380882
1566.000000 -7.364573 1.144634 26.132256
1567.000000 -7.163481 0.824035 26.444897
1568.000000 -6.758235 0.388823 28.211628
1569.000000 -6.511659 0.034317 28.251770
1570.000000 -6.452154 -0.211705 26.543589
1571.000000 -6.613944 -0.541207 26.333815
1572.000000 -10.532867 -0.322127 28.001356
1573.000000 -10.568222 0.182280 26.109924
1574.000000 -10.607403 0.540426 26.481243
1575.000000 -10.660587 0.715027 26.173847
1576.000000 -10.861361 0.861400 26.551737
1577.000000 -11.270450 0.801517 28.061255
1578.000000 -11.642080 0.594122 28.123100
1579.000000 -11.996165 0.390626 26.435490
1580.000000 -12.070720 0.064979 28.599201
1581.000000 -12.304365 -0.459519 28.393831
1582.000000 -12.621912 -0.403926 26.145411
1583.000000 -12.882818 -0.457921 26.081551
1584.000000 -13.033417 -0.289046 28.504515
1585.000000 -13.353720 0.086091 28.548223
1586.000000 -13.609158 0.688576 26.095345
1587.000000 -13.800506 1.142880 28.271570
1588.000000 -13.978629 1.413766 28.362152
1589.000000 -13.906831 1.847392 26.131105
1590.000000 -13.967126 2.278524 28.131769
1591.000000 -14.101626 2.528465 28.448933
1592.000000 -14.015184 2.571949 28.511377
1593.000000 -14.108585 2.391567 26.257578
1594.000000 -14.395809 2.354899 26.244345
1595.000000 -14.522379 2.504503 26.326904
1596.000000 -10.532867 -0.322127 28.301739
1597.000000 -10.917570 0.002218 26.398342
1598.000000 -11.264023 0.158784 28.434219
1599.000000 -11.336101 0.307280 28.550571
1600.000000 -11.569246 0.248059 26.551575
1601.000000 -11.602769 0.159782 26.156532
1602.000000 -11.822883 0.246886 26.095308
1603.000000 -11.852234 0.345697 26.082148
1604.000000 -11.683316 0.649318 26.049568
1605.000000 -11.481232 0.976582 26.365435
1606.000000 -11.060857 1.324923 28.478270
1607.000000 -10.808193 1.489046 28.123486
1608.000000 -10.358111 1.825812 28.593912
1609.000000 -10.095303 1.973804 26.198132
1610.000000 -9.641973 2.111464 28.548449
1611.000000 -9.378019 2.430389 28.170500
1612.000000 -9.119270 2.954330 26.351749
1613.000000 -9.030476 3.322451 28.558588
1614.000000 -9.041667 3.505931 28.348209
1615.000000 -8.840714 3.849020 28.414137
1616.000000 -8.435307 4.375918 28.161386
1617.000000 -8.188449 4.742537 28.077696
1618.000000 -8.128629 4.516335 26.514437
1619.000000 -8.290087 4.373495 26.203825
1620.000000 -10.532867 -0.322127 28.300930
1621.000000 -10.799185 -0.191590 26.152855
1622.000000 -10.855891 -0.054118 26.180529
1623.000000 -10.697104 0.261791 26.414444
1624.000000 -10.307826 0.771817 26.120424
1625.000000 -10.066938 1.130157 28.400539
1626.000000 -10.010038 1.308804 28.269241
1627.000000 -9.788853 1.642602 28.435635
1628.000000 -9.570148 2.170237 28.407896
1629.000000 -9.533974 2.536986 28.097229
1630.000000 -9.319071 2.903144 26.407465
1631.000000 -9.102478 3.260416 28.036329
1632.000000 -8.872641 3.420344 28.317947
1633.000000 -8.832417 3.561031 28.046953
1634.000000 -8.616001 3.486944 26.544550
1635.000000 -8.593186 3.201391 26.509323
1636.000000 -8.768924 2.694249 26.042067
1637.000000 -9.094761 2.401527 26.066643
1638.000000 -9.345297 2.219211 26.031473
1639.000000 -9.486673 2.178431 26.479160
1640.000000 -9.523093 2.441080 26.329641
1641.000000 -9.536687 2.557642 26.074083
1642.000000 -9.348218 2.683274 26.389378
1643.000000 -8.946648 2.800374 26.033213
1644.000000 -10.532867 -0.322127 28.487646
1645.000000 -10.606308 -0.191415 26.069595
1646.000000 -10.454698 0.136319 26.289810
1647.000000 -10.453558 0.664456 26.527031
1648.000000 -10.406198 1.033649 28.299158
1649.000000 -10.445127 1.216152 28.180029
1650.000000 -10.254413 1.559228 26.471115
1651.000000 -10.046195 2.091854 28.420712
1652.000000 -9.975673 2.462177 28.412634
1653.000000 -9.994093 2.645560 28.520460
1654.000000 -10.184778 2.614278 26.089333
1655.000000 -10.206883 2.343446 26.344334
1656.000000 -10.230236 2.222483 26.585117
1657.000000 -10.435670 1.903102 26.000656
1658.000000 -10.848155 1.574884 26.091358
1659.000000 -11.222712 1.304269 28.453114
1660.000000 -11.579590 1.071507 28.070217
1661.000000 -11.849591 1.122532 26.437311
1662.000000 -11.908913 1.018084 26.513514
1663.000000 -11.944200 0.729620 28.152668
1664.000000 -11.958223 0.219786 28.143572
1665.000000 -12.121685 -0.257000 28.357361
1666.000000 -12.437291 -0.283980 28.141308
1667.000000 -12.749820 -0.031151 26.174486
1668.000000 -10.532867 -0.322127 28.553717
1669.000000 -10.722655 0.191303 26.192282
1670.000000 -10.817698 0.557602 26.013512
1671.000000 -10.888923 0.740662 26.188189
1672.000000 -10.900816 1.087437 28.570189
1673.000000 -11.099787 1.241140 28.423250
1674.000000 -11.316426 1.576442 28.491329
1675.000000 -11.356091 1.917609 26.002542
1676.000000 -11.539779 2.466233 28.005665
1677.000000 -11.763489 2.844066 28.087786
1678.000000 -12.038914 3.031912 28.535858
1679.000000 -12.474353 3.003521 28.553780
1680.000000 -13.047025 2.785099 28.330553
1681.000000 -13.539957 2.521009 28.297667
1682.000000 -13.846779 2.379560 26.096281
1683.000000 -14.007667 2.359273 28.479790
1684.000000 -14.245298 2.257026 28.273855
1685.000000 -14.280468 1.966366 28.506462
1686.000000 -14.463510 1.531664 28.587362
1687.000000 -14.687915 1.173549 26.538372
1688.000000 -14.964487 0.924994 28.077919
1689.000000 -15.012708 0.969570 28.451523
1690.000000 -15.238335 1.056414 28.595350
1691.000000 -15.656975 0.981658 26.205765
1692.000000 -10.532867 -0.322127 28.086985
1693.000000 -10.917568 0.192098 26.318140
1694.000000 -11.187881 0.559389 28.314369
1695.000000 -11.336094 0.746314 28.090734
1696.000000 -11.183886 1.096674 28.569794
1697.000000 -11.182449 1.444332 28.249491
1698.000000 -10.939800 1.995441 28.504763
1699.000000 -10.764782 2.375890 28.174105
1700.000000 -10.729837 2.569674 28.427607
1701.000000 -10.709509 2.919524 26.221067
1702.000000 -10.899433 3.268427 28.180786
1703.000000 -11.115485 3.627192 28.583912
1704.000000 -11.545212 3.802614 28.486544
1705.000000 -11.807810 3.762772 26.511068
1706.000000 -12.266613 3.688549 28.392797
1707.000000 -12.849577 3.626270 28.338480
1708.000000 -13.348313 3.518626 28.395212
1709.000000 -13.734935 3.370067 28.282801
1710.000000 -14.209893 3.452366 28.006485
1711.000000 -14.486413 3.553056 28.380541
1712.000000 -14.755343 3.479294 26.450918
1713.000000 -15.203140 3.585392 28.320051
1714.000000 -15.470913 3.886054 28.297043
1715.000000 -15.660072 4.408803 28.400831
1716.000000 -15.756424 4.753351 28.499235
1717.000000 -15.829607 4.428094 26.194733
1718.000000 -16.038067 4.265831 28.128658
1719.000000 -16.450809 4.285006 28.177593
1720.000000 -16.706808 4.337916 26.429235
1721.000000 -17.161901 4.414257 28.354441
1722.000000 -17.549400 4.534613 28.384911
1723.000000 -17.910257 4.582151 26.310787
1724.000000 -18.375549 4.669653 28.368820
1725.000000 -18.648043 4.645696 28.107224
1726.000000 -18.721684 4.593722 26.136621
1727.000000 -18.956144 4.566681 26.262053
1728.000000 -19.185884 4.738742 28.317272
