7450 0 -1.000000 1.000000 -1.000000 1.000000 0.000000 0.000000 0.573410 
7425 6 -1.000000 1.000000 -1.000000 1.000000 0.000000 0.000000 0.567370 
7400 4 -1.000000 0.000000 -1.000000 0.961708 -0.368109 -0.000000 0.554380 
7375 2 -1.000000 0.000000 -1.038293 0.805716 -0.730873 -0.369481 0.517160 
7350 3 -1.000000 0.000000 -1.194621 0.631477 -0.487045 -0.737256 0.594780 
7325 6 -1.000000 0.000000 -1.446166 0.592446 0.197224 -1.238989 0.575460 
7300 2 -1.000000 0.000000 -1.834606 0.679715 0.329683 -1.656403 0.592710 
7350 3 -1.000000 0.000000 -1.194621 0.631477 -0.487045 -0.737256 0.594780 
7325 3 -1.000000 0.000000 -1.446166 0.592446 0.197224 -1.238989 0.531990 
7300 4 -1.000000 0.000000 -1.872035 0.751321 1.069799 -2.060789 0.521830 
7400 4 -1.000000 0.000000 -1.000000 0.961708 -0.368109 -0.000000 0.554380 
7375 3 -1.000000 0.000000 -1.038293 0.805716 -0.730873 -0.369481 0.490540 
7350 6 -1.000000 0.000000 -1.232182 0.630767 -0.501713 -1.107504 0.583200 
7325 8 -1.000000 0.000000 -1.599871 0.513819 -0.540282 -1.633006 0.521980 
7325 8 -1.000000 0.000000 -1.599871 0.513819 -0.540282 -1.633006 0.521980 
7300 6 -2.000000 0.000000 -2.005335 0.329348 -0.780615 -1.386447 0.584630 
7350 6 -1.000000 0.000000 -1.232182 0.630767 -0.501713 -1.107504 0.583200 
7350 6 -1.000000 0.000000 -1.232182 0.630767 -0.501713 -1.107504 0.583200 
7325 2 -1.000000 0.000000 -1.635022 0.501234 -0.575960 -1.656285 0.493550 
