-2.303901 2.614090 3.068417
-1.955880 2.830063 5.301784
-2.213325 2.841917 12.258309
-0.358221 2.824929 6.232864
0.609791 3.214151 36.253487
0.566960 1.082359 3.797439
0.466553 0.919385 3.594994
0.629629 0.993453 2.915780
0.576612 1.606613 2.730109
-0.558003 2.886315 7.726426
-0.532285 2.668288 2.876639
-0.457922 2.736974 4.494232
-0.651567 2.570464 2.108368
-1.798874 2.710843 7.723856
1.223412 2.379605 24.534349
-0.241280 2.475705 2.054203
0.550991 1.720200 1.846832
0.932916 1.807663 8.717079
0.802923 1.645510 9.314679
0.682430 2.490648 8.059276
-0.662173 2.630095 2.113723
-0.697830 2.548864 0.285720
-1.257226 2.564265 5.418698
-0.857082 2.778290 5.166430
-0.434800 2.886819 12.841920
-1.849658 2.687342 3.427203
-1.548231 2.665387 2.059465
-1.223843 2.659102 4.433434
-1.603140 2.541673 0.244484
-1.801294 2.663600 3.823821
-1.237432 2.504289 1.683978
-1.482349 2.527940 0.300711
-1.287322 2.572788 2.614824
-0.883360 2.569299 7.399411
-1.400982 3.040350 15.790410
-3.177798 1.409567 22.507286
-1.828503 2.787698 17.852388
0.746150 1.411775 2.240910
1.177798 1.396271 18.306622
0.464474 1.912071 0.554982
0.559084 1.835975 0.122213
0.681375 1.532245 2.916489
0.724947 2.097347 4.685996
0.864559 2.342789 5.374228
-0.478569 2.564338 0.828214
-0.190139 2.812047 5.019649
-0.058056 2.816949 5.793591
-0.821965 2.557203 7.558198
1.177798 -0.649182 22.134947
-2.720309 1.443899 2.876538
-2.568704 0.871190 2.197964
-2.624699 0.541787 2.774267
-2.622748 0.846159 1.196703
-2.315686 2.822436 14.624059
-0.663276 -0.760855 4.002993
-0.813536 -1.000568 6.704819
0.178116 -0.723372 0.275296
0.578947 -0.720550 3.236809
0.458934 -1.223879 17.965075
0.624768 0.501469 1.392705
0.552344 0.298281 0.490926
0.629735 -0.046044 2.033755
0.499236 -0.019716 0.022716
0.627732 0.061666 2.309109
1.107138 1.001093 12.382301
0.528784 2.717391 4.856748
0.936946 3.056368 17.001150
-2.549375 1.517416 0.640585
-3.010852 1.791585 12.680293
-2.243438 2.671777 4.974581
-1.466972 2.974650 10.623639
-2.276071 2.604506 3.179896
-1.906918 2.867532 7.997695
-1.582615 2.477569 0.768588
-1.564995 2.597194 3.172606
-3.232118 2.391611 29.792482
0.982204 1.790705 14.552532
0.566205 -0.090607 0.913997
0.144665 -0.739562 1.078376
0.646068 0.098227 1.792759
0.641119 -0.091031 1.436657
0.735501 -0.265282 3.111313
0.547747 0.044026 0.030603
0.642491 1.063851 7.936031
0.648168 2.508406 9.062933
0.840997 2.204748 18.772829
-3.022494 2.219758 5.163721
-2.327469 2.464481 0.530076
-2.513418 2.304289 0.207074
-2.586752 2.154660 1.627804
-2.343207 2.649272 1.637273
-2.310469 2.534571 0.270874
-2.554362 2.655818 2.618764
-2.145556 2.622793 2.120907
-2.135949 2.596528 1.483463
-2.671692 2.473467 2.607960
-2.985136 2.979157 13.087513
-2.363326 2.825205 3.019752
-2.560179 2.768044 4.026250
-2.340122 2.434342 0.728710
-2.646906 2.541410 2.082610
-2.210414 2.692654 1.952432
-2.084114 2.811952 5.494796
-2.837875 1.937886 1.350130
-2.017567 2.810443 8.352168
-3.110289 2.274702 9.079563
-3.326551 2.138983 15.239237
-1.792347 2.573725 0.751627
-1.729538 2.715394 4.018125
-1.631724 2.494190 0.515385
-1.624960 2.568219 0.361701
-1.985059 2.561555 1.294686
-1.874165 2.662458 2.781329
-1.654339 2.663165 1.627671
-1.940282 2.497132 0.689348
-1.661976 2.559154 0.703942
-2.926254 1.579646 3.734027
-2.515383 2.007613 0.535063
-2.522228 2.480007 3.432944
-2.926254 2.386922 5.109548
-2.427864 2.968974 17.202858
-2.576836 2.965917 24.438732
-3.038078 -0.902519 13.133198
-1.729719 -1.697352 12.798615
-2.934570 0.744425 5.593876
-2.963228 0.323619 5.193824
-2.707132 1.365092 3.484499
-2.647516 2.275821 18.787617
-3.363671 0.270878 15.504534
-2.918547 1.431180 12.826036
-3.007225 1.064359 11.892750
-2.869307 -0.590280 10.689301
-2.962281 1.483610 5.026948
-0.693743 -0.962784 3.962146
-0.722796 -0.772426 2.521349
-0.559879 -0.693089 2.194305
-1.134927 -0.982246 3.364297
-0.975396 -0.877422 2.583363
-1.054204 -0.780963 0.957822
-1.288629 -0.830511 1.779387
-0.734564 -0.660070 0.110437
-0.848707 -0.785804 1.357090
-0.808512 -0.963166 5.091694
0.999617 -0.068780 6.801214
1.414118 -0.110417 15.394190
-1.153313 -0.851572 0.115374
-0.609804 -0.810868 0.954561
-0.957331 -0.773848 1.336666
-1.320838 -0.919746 2.129906
-1.211626 -0.903225 2.557548
-1.656242 -1.637013 10.099462
1.181231 0.339439 18.899670
0.750396 -0.101669 1.615216
1.017235 0.224946 8.870844
-0.144733 -0.730139 1.923268
0.048572 -0.582328 0.585329
-0.312396 -0.674352 1.832268
-1.578935 -1.337270 2.713477
-1.523311 -1.527849 1.697924
-1.307055 -1.162445 5.008801
-3.029982 -0.697434 5.457418
-1.294698 -1.705996 8.803365
-3.045454 0.632047 13.805869
-2.846047 0.492219 12.490956
-2.898340 -0.729531 14.578854
-3.048900 -0.109165 17.073767
-2.789679 0.746519 9.928953
-2.904903 2.972931 19.554739
-2.717608 1.228065 10.112630
-2.597590 2.772450 10.905903
-0.555994 2.814891 24.647511
-2.726126 1.072417 9.928450
-2.531538 0.062673 4.450153
-2.626526 -0.523298 12.277357
-2.675781 1.647493 8.446630
-1.307126 2.732307 7.369244
0.313410 2.517039 8.585321
0.508739 2.640696 21.520977
0.690947 1.685632 0.189328
0.690940 1.779447 0.520310
0.558053 1.706315 0.018915
0.569408 2.364234 4.149844
0.985585 1.854720 4.711740
1.273551 1.024755 15.333419
1.485134 1.647456 22.388092
-0.334334 3.064224 32.127518
0.201368 -1.237401 24.287086
0.380723 -1.253907 18.799532
-0.411191 -0.732627 1.817237
0.048538 -0.509027 6.071147
-1.407429 -1.051569 2.637101
-0.940112 -1.146699 4.201512
-1.034081 -0.891053 0.120213
-1.007091 -1.247818 5.040050
-2.510401 -3.206455 26.471998
-2.616684 0.495185 6.005865
-1.043795 -1.441103 33.675522
-1.046869 -1.489751 15.239778
-0.534697 -0.751907 5.459273
-0.636699 -0.931596 5.428550
1.184054 0.970425 14.809017
-2.776933 1.895481 3.505161
-2.637071 2.908057 7.946552
-2.545440 1.533205 0.373968
-2.782525 2.297797 8.802730
-2.701370 2.535714 10.770355
-2.654867 2.649682 11.534522
-2.776933 2.620719 23.345404
-0.743142 -0.825791 7.145664
-2.477444 2.011280 4.299271
-2.488971 2.861477 9.963669
-2.830740 1.189738 2.607254
-2.810194 1.479750 6.389981
-2.949461 0.964075 5.216400
-2.819677 0.807945 4.727877
-3.013536 1.363776 11.618655
-3.396120 -1.548452 16.110727
0.332365 -0.733730 20.493580
-0.788376 2.869249 7.307103
-1.780169 3.158249 8.374100
-2.635504 1.517137 6.032600
-2.729473 2.913964 17.052479
-2.636035 1.981532 8.427309
-2.646501 0.785844 6.961706
-2.543739 0.464565 3.924840
-2.555618 -0.045616 2.962864
-2.638851 -0.572771 5.404449
-0.478320 -0.803633 5.412701
0.429242 -0.547211 2.786418
0.696402 -0.075357 1.576004
0.724872 -0.501570 5.802521
0.763483 1.214903 9.861546
0.485371 2.792647 19.271942
0.618344 0.561493 0.761239
0.452642 0.938796 0.267789
0.551478 0.930041 1.159573
0.622229 0.964111 4.759212
0.654170 0.953167 4.814909
0.627132 1.058788 3.507885
0.647466 1.561827 6.776607
0.545781 0.738099 2.389328
0.491761 0.317213 1.347266
-1.281073 3.253146 23.222189
0.502589 0.238147 4.378818
0.579583 0.473201 3.529541
0.501513 0.675040 1.357187
-2.721002 -0.642331 10.227258
-3.844586 -2.266729 15.907625
-2.348249 -2.572623 0.588827
-2.122480 -2.667573 3.684896
-2.550805 -2.799085 0.889944
-3.497446 -3.763433 12.260942
-1.945261 -2.271907 4.026246
-2.220646 -2.600315 1.436328
-2.288264 -2.795016 5.756474
-3.081140 -3.512269 3.160565
-2.656259 -3.226047 6.247098
-2.825320 -3.493357 4.437681
-3.999531 -4.340384 13.975162
-3.149629 -3.752945 6.877413
-4.381207 -4.569473 4.579578
-4.098705 -4.419974 22.088295
-3.192992 -3.656572 31.568668
-2.644402 1.737893 15.739055
-2.837820 0.261256 10.086618
-2.588205 -0.271304 2.592584
-3.005265 0.014077 16.592693
-3.440361 -1.868434 22.405376
-3.233165 -1.376861 15.528875
-3.500827 -4.092699 15.846627
-3.496050 -3.943308 24.673819
-1.354818 -1.018413 1.107055
-1.469505 -1.347776 7.410177
-0.768759 -0.945165 17.374218
-0.501965 2.772555 8.357813
-0.131150 2.894780 15.472113
0.490753 1.570257 0.568261
0.562136 1.726334 1.155435
0.509616 1.786204 0.122135
0.499399 2.317117 3.555049
0.556258 2.095090 6.494372
0.784135 1.368109 9.599318
0.645936 1.631013 8.592583
0.704727 0.860903 5.527004
0.704764 3.069407 28.397083
-2.570366 1.448774 3.378381
-2.478035 1.075092 0.594704
-2.521995 1.627130 8.228616
-2.784125 0.923939 7.229040
-0.565757 -1.086486 9.551931
0.664353 0.424388 5.236623
-2.881080 -0.471636 6.208414
-1.826976 -2.453073 14.948592
-2.200663 -2.602364 14.873287
-4.616412 -5.154783 9.717849
-5.510131 -5.479467 26.398346
-3.832545 -2.255601 5.889340
-2.582758 -2.982750 20.559235
-1.391872 -1.608459 0.847071
-1.561266 -1.917169 3.833488
-1.741496 -1.765800 0.723476
-1.324197 -1.909147 5.555127
-3.587020 -1.875216 5.304091
-2.544624 -2.799535 1.169563
-2.189374 -2.679712 6.017106
-3.134911 -1.164137 8.856909
-1.848114 -2.151733 3.760998
-2.030330 -2.188843 1.023525
-2.343908 -2.566823 1.288991
-2.553036 -2.966753 5.921952
-2.050899 -2.221495 0.235074
-1.527231 -1.700078 4.243647
-2.389771 -0.000109 5.084351
-2.788954 -3.258614 7.069260
-2.394907 -2.928440 1.792952
-8.255398 -6.062437 21.440660
-7.990783 -5.854798 4.417288
-9.493322 -5.906184 12.132516
-10.281653 -5.951164 12.177567
-10.636017 -5.818843 15.066768
-10.292311 -5.798491 14.167789
-7.073341 -5.874065 11.319960
-9.100067 -5.961492 15.622987
-5.986035 -5.438702 4.487230
-6.761479 -5.575356 3.757688
-6.140057 -5.401553 0.889606
-6.449454 -5.546042 3.548694
-6.370041 -5.383332 1.821923
-6.287554 -5.504519 2.228143
-6.189885 -5.553484 5.037076
-6.765166 -5.849897 34.449020
-3.769225 -4.341132 9.711144
-3.532495 -3.838233 2.723816
-3.403004 -3.703964 7.392339
-3.793229 -4.316773 10.979158
-3.890271 -4.178160 2.274022
-4.118817 -4.341256 2.850198
-4.840367 -4.883802 10.553823
-5.358551 -3.489798 1.808000
-5.381423 -3.564455 2.052991
-5.639678 -3.608624 1.985286
-5.620375 -3.614194 14.903459
-4.929377 -3.211392 6.568982
-5.253198 -3.290784 19.117788
-8.173053 -6.056231 10.722928
-10.470243 -4.412118 10.454268
-11.931052 -5.824607 14.181938
-12.459252 -5.681788 18.615345
-12.585699 -5.501821 26.711042
-11.837392 -4.149643 33.336666
-9.016586 -5.861831 0.216370
-12.562585 -5.503963 57.023075
-9.465895 -4.361346 8.389529
-8.499039 -4.505049 6.537703
-9.514066 -5.988416 11.209981
-9.339710 -5.878461 2.888362
-8.592974 -5.952373 3.788392
-9.174281 -5.963891 0.575823
-9.522017 -4.582797 2.235376
-9.477163 -4.706176 1.841269
-9.371358 -4.656771 0.414378
-9.046223 -4.656608 5.295236
-9.518752 -4.363646 6.987336
-8.656555 -4.520052 17.835703
-10.143261 -6.058383 15.872379
-8.939656 -4.640902 2.981769
-8.700377 -4.668432 3.372979
-9.305014 -4.496430 2.662866
-10.148027 -5.875082 9.378837
-9.315233 -5.860954 0.526718
-9.855695 -5.828034 1.017188
-9.228791 -5.809997 3.785235
-9.546594 -5.971566 2.107456
-9.438444 -5.943382 2.941011
-9.320374 -6.041104 4.489968
-10.685850 -4.326951 6.393904
-9.814639 -4.160188 11.825049
-10.872778 -4.384429 1.885490
-10.664814 -4.409101 1.689626
-10.646209 -4.527388 0.043074
-10.862354 -4.200712 8.115783
-10.620571 -4.251972 6.974462
-11.331718 -5.609082 1.134927
-11.281744 -5.744087 3.725743
-12.842673 -3.681159 10.163776
-12.716807 -3.718118 1.221717
-12.859796 -3.675010 3.660163
-12.869705 -3.560666 4.143355
-12.328666 -3.843653 4.478695
-12.214961 -4.024221 5.266301
-15.019851 -3.725561 6.955322
-14.337337 -4.592538 8.665167
-15.403858 -3.954047 14.234739
-13.089725 -3.455528 5.391170
-16.780842 -2.368125 26.575846
-15.311156 -3.712245 5.492419
-16.017412 -2.778676 1.131906
-16.380371 -2.685838 24.944252
-14.518109 -4.365585 4.256679
-14.962117 -4.465657 18.065483
-13.410988 -3.260196 4.855026
-13.013291 -3.436835 4.806244
-15.525674 -3.525900 23.950899
-12.593300 -3.872424 5.947641
-12.132801 -3.869284 7.526748
-16.404177 -2.213463 8.280173
-17.821695 0.303911 23.209560
-16.063414 -0.493278 17.372341
-17.651897 -0.212596 16.633577
-16.651405 -2.315518 5.322938
-16.727005 -1.963121 13.161495
-15.162222 -1.658969 3.857363
-15.649161 -1.088173 1.804308
-17.986004 0.326798 3.933110
-18.015291 0.515568 4.185008
-18.027361 1.016021 5.453364
-18.073786 0.955180 4.779055
-18.040203 0.900513 5.433295
-17.771109 0.305354 1.112450
-18.062162 0.662745 12.093443
-18.560675 2.988492 40.201176
-15.456702 -1.397829 1.740950
-15.346885 -1.345725 7.936552
-16.680799 -2.381584 8.667252
-15.285878 -1.597374 3.674373
-15.620058 -1.167070 1.515724
-15.589835 -1.168614 7.430584
-15.582374 -0.874523 17.409796
-16.767174 -1.920094 6.164124
-17.306602 -1.595723 22.088205
-15.013807 -1.579939 10.001452
-15.705361 -3.052586 1.439623
-15.542447 -3.346308 2.751380
-15.065405 -1.690324 4.055344
-15.909226 -2.765839 5.289331
-15.738015 -3.294798 4.037774
-16.808012 -2.190966 15.194279
-14.601142 -2.402733 0.927274
-14.395786 -2.446441 4.396206
-14.870907 -1.833578 6.090898
-14.922663 -1.707040 6.163353
-14.840463 -2.053592 1.667951
-14.162649 -2.865586 5.354981
-14.418066 -2.291206 6.791412
-15.836802 -2.915037 2.621709
-15.744854 -2.917168 2.699327
-15.493899 -3.363290 1.320407
-15.414988 -3.385864 3.016346
-15.863117 -2.881072 2.351061
-15.884650 -2.779578 6.230148
-15.721276 -3.248866 2.448889
-15.791206 -3.147662 2.223780
-12.525140 -5.342539 14.385550
-12.743689 -3.363850 25.734638
-14.656794 -4.094100 0.523047
-14.082006 -4.467706 1.031981
-14.860083 -2.090940 5.056374
-17.173428 -1.010370 0.044450
-17.526989 -0.602451 6.645249
-16.264666 0.168711 6.188348
-16.759912 1.531129 46.428234
-17.411558 -0.959364 7.204530
-16.090107 0.142823 8.382335
-16.927464 2.240702 6.919199
-18.537642 3.635249 18.035538
-16.824526 2.054872 2.445192
-16.781086 2.511957 0.561353
-18.396141 2.426836 11.569926
-16.591345 1.736870 11.070226
-16.723169 2.842204 13.360049
-16.557117 1.763528 11.459954
-18.110474 1.563349 29.234825
-16.414711 0.895811 13.555649
-18.239723 2.027925 32.884262
-17.943724 0.090462 9.235081
-18.276079 1.533578 30.116011
-17.204184 -1.115135 2.678219
-17.225218 -1.217740 8.283868
-16.629555 0.903787 26.149687
-16.207846 -0.310541 29.698460
-15.400227 -3.456281 5.482807
-17.811840 0.507160 8.900342
-18.161852 1.883394 11.338282
-17.698233 6.924136 39.239254
-18.612772 2.498783 37.147697
-16.279993 0.550154 9.999308
-17.822296 0.918016 0.414353
-17.933504 1.231560 2.159699
-17.930984 1.067684 1.299636
-18.110561 1.171316 10.290565
-17.828051 0.514542 11.790185
-17.893055 -0.045966 17.152700
-17.196760 7.993866 18.380661
-16.288563 9.252594 29.693871
-16.188061 6.341366 36.239586
-18.557579 2.736728 33.128979
-17.456219 -0.744750 12.314841
-16.103754 -0.163296 22.411600
-16.003670 -3.047518 7.397255
-16.245407 -2.701831 20.836103
-15.409395 -1.562251 17.832106
-16.294195 -2.375916 4.495914
-16.383530 -2.414998 9.188785
-16.767044 -2.002703 34.045460
-14.400878 -4.301261 1.324435
-14.696942 -3.952355 0.753538
-14.399565 -4.251510 3.664610
-14.861691 -3.959913 1.456952
-15.327472 -3.520936 8.937569
-14.512563 -4.252186 2.680198
-14.769078 -4.091489 2.279923
-14.576068 -4.082889 0.134491
-14.715227 -3.984857 0.631520
-13.845009 -2.975753 2.190531
-13.699095 -2.643121 13.374838
-14.576910 -4.176904 1.912021
-14.647199 -4.038220 0.200626
-15.173205 -3.728940 8.735054
-15.426556 -3.491259 3.274019
-15.211432 -3.636790 2.265620
-15.147020 -3.751653 6.516728
-13.763361 -2.904722 12.496221
-13.913440 -4.776676 9.678022
-16.300718 -2.493280 6.354255
-15.272307 -3.496135 0.990817
-15.404163 -3.443261 0.621277
-18.272671 1.911524 26.542559
-18.093338 1.623256 11.260786
-18.149948 0.257969 20.554085
-17.253084 -1.234917 4.074690
-17.258322 -0.979405 1.668780
-17.288891 -0.716858 1.043858
-17.276140 -0.785355 3.861791
-17.189896 -1.275842 4.047614
-17.280609 -0.705745 3.563783
-16.969761 -1.394936 0.372845
-17.558737 -0.297353 8.393278
-17.436646 -0.568681 2.613835
-17.584831 -0.577873 7.812379
-15.298186 -3.535889 4.568183
-14.254436 -2.535109 3.913670
-14.250290 -2.644171 2.211369
-13.035239 -3.630749 30.226151
-15.734324 -0.268162 19.272209
-16.925484 -1.482037 0.529799
-15.529163 -0.816253 13.792052
-16.388781 0.634633 24.948154
-16.022444 -0.543687 1.710610
-16.209963 -0.028742 17.830175
-16.088451 -0.282629 2.099182
-16.086487 -0.387164 0.476855
-16.358130 0.142154 1.704971
-16.265347 0.126390 4.943578
-15.904945 -0.537838 12.930120
-17.967859 0.505016 11.591669
-17.951351 0.684872 9.840963
-16.893772 3.363078 12.272493
-18.076633 1.943207 8.739917
-18.240229 2.431567 6.532187
-16.676481 2.416351 7.450962
-16.899017 3.062481 11.909976
-17.077646 7.353884 10.157631
-16.774670 7.966317 45.336510
-16.263800 5.502738 10.671030
-17.862177 6.624420 49.473091
-18.061354 1.699160 2.814554
-18.113773 2.235023 0.615844
-18.145113 2.608482 6.572969
-18.164820 5.046590 39.721161
-18.120417 2.323151 4.477851
-18.519335 2.248254 26.619341
-18.045040 1.062342 8.986015
-18.071539 1.313361 4.765506
-17.974340 0.854569 10.361744
-18.624514 2.287045 27.539778
-16.223738 0.281448 9.486622
-16.658943 1.376215 21.056305
-18.149542 1.607323 2.680795
-16.746239 2.772914 3.717867
-16.829592 2.530341 0.909893
-16.866325 2.535177 0.633461
-16.815077 2.915171 3.462722
-18.341175 3.987550 24.458088
-18.134371 2.903497 2.565718
-18.289555 2.553152 8.133352
-18.352108 2.472489 12.453875
-18.161505 3.085429 8.086816
-18.242586 3.086828 6.135844
-16.866823 3.603570 8.409059
-18.210732 4.264414 12.835016
-16.791222 4.060782 18.277973
-18.280956 2.935911 12.602166
-18.074635 4.914389 5.290309
-16.570450 4.952794 7.715306
-16.292204 5.731736 2.956955
-16.203878 6.060027 2.801109
-16.262712 5.816055 2.131475
-16.608599 8.439113 9.235479
-16.488539 8.444111 15.785102
-16.087355 6.204922 2.007623
-15.714548 6.974005 1.732535
-14.636639 10.586960 20.868326
-13.543882 9.370344 19.939392
-15.699531 6.950659 8.708351
-15.661479 7.199894 20.096281
-14.157989 10.849422 48.495079
-17.814297 5.883368 11.205033
-16.292870 5.509493 12.285132
-15.806590 6.917080 24.597935
-17.659304 6.079717 10.739487
-17.845896 5.585178 8.760298
-16.546690 4.694484 4.450835
-16.590359 5.191604 3.524118
-16.454016 5.256622 11.575901
-16.685202 5.000962 0.946198
-16.627453 4.905293 1.457771
-16.506142 5.600293 9.956957
-16.547672 4.825476 6.484748
-17.599915 6.093032 7.857576
-17.941261 5.106352 2.110051
-16.318605 5.077304 9.443556
-17.902571 5.124298 0.708100
-16.244673 4.720388 17.243799
-16.066036 5.325427 18.395670
-17.759861 5.451552 2.167546
-17.908447 5.327862 3.828370
-16.392582 5.379229 10.689404
-16.444418 4.710242 8.090915
-16.486313 4.714223 8.082081
-17.962002 5.040563 7.245690
-18.285242 4.703885 17.831509
-16.264339 5.441206 10.784354
-17.441805 6.904778 17.496597
-16.534058 4.831091 4.033086
-16.604925 4.515504 7.847172
-16.302235 5.775588 4.415497
-15.997270 6.491783 9.299389
-16.244091 6.129005 1.702926
-16.219706 5.690712 5.721746
-16.536276 5.150044 1.505553
-16.697155 4.783094 4.173260
-16.501595 4.969917 3.049420
-16.306835 5.339554 12.671385
-17.573763 6.264638 3.351888
-15.444892 7.595623 0.800682
-15.006800 8.034497 3.709456
-15.499491 7.334495 0.470324
-15.366764 7.609777 0.937347
-15.219665 7.806517 5.270895
-15.506319 7.222084 6.174622
-15.784719 6.623724 5.655546
-15.623444 6.863759 14.285034
-16.160999 6.147376 10.305844
-17.475008 6.774493 8.007750
-17.068695 7.293346 5.201139
-16.838568 7.834446 15.494852
-16.333218 5.723713 4.824628
-17.836056 5.422558 2.996504
-17.960960 4.935492 2.031828
-17.966303 5.448902 10.783677
-17.789619 5.360858 0.481892
-17.608404 6.093753 2.709537
-17.691456 5.867764 0.240152
-17.692158 5.558800 0.728555
-17.643919 5.761549 2.642183
-17.707893 5.924780 6.417862
-17.731033 5.601879 2.516936
-17.962830 5.798506 20.029194
-18.087860 4.876192 6.792074
-16.548323 4.080157 10.779318
-17.417107 6.622990 5.133822
-16.457567 4.961503 11.426987
-17.727470 6.304621 17.991167
-16.298758 5.958043 0.623492
-16.303896 5.709836 1.443703
-16.037928 6.345068 11.055689
-16.416067 8.667612 21.547983
-17.370880 6.900829 5.112896
-15.043406 7.890662 30.520191
-15.971554 6.547398 9.473085
-16.214287 5.309283 10.896642
-15.953281 5.956287 11.037657
-17.671799 5.921206 4.476462
-17.783541 5.585147 5.181010
-16.560453 4.963211 3.282463
-16.365589 4.725045 14.134480
-17.630674 6.161958 4.188912
-17.149275 6.957265 5.145641
-17.610493 5.856847 0.814485
-17.553516 5.957890 1.996807
-17.776623 6.052804 20.526394
-16.268564 5.214159 16.753233
-18.124958 4.121366 3.520995
-18.162071 4.471310 5.262576
-16.793608 4.369373 0.149011
-18.169912 5.135525 9.758779
-17.735561 5.639558 3.259290
-17.824598 5.364981 1.864800
-18.108204 4.467847 4.891263
-18.134758 4.647653 3.880136
-17.657272 5.950110 6.895482
-17.908155 5.897038 14.789844
-16.663794 4.121420 15.739414
-18.218559 2.494008 2.391556
-16.659006 1.988697 6.586169
-16.761452 2.004041 4.907965
-18.362961 4.067491 5.686822
-16.712849 3.135456 12.600755
-18.391172 3.576696 9.609790
-18.222845 3.734937 4.790261
-16.754801 1.809536 12.723079
-17.943722 1.619371 0.586136
-17.956560 1.316127 0.550712
-18.049019 1.413339 2.339231
-16.848074 3.623057 1.931669
-18.073847 4.076676 1.783804
-18.091427 4.262002 3.010484
-18.254559 4.714422 16.044743
-16.745665 4.080513 8.459733
-17.747805 5.769091 2.887174
-17.916826 5.569304 5.471465
-18.186945 5.004926 12.540154
-16.796846 3.971822 5.019629
-16.787491 2.898016 6.253308
-16.715971 3.423552 11.378592
-16.809309 3.979960 0.363595
-16.725536 4.397612 9.850159
-16.789129 3.569775 4.201479
-18.514757 3.204414 18.722872
-16.737074 1.474630 13.319985
-16.775749 2.493825 2.317913
-18.219967 2.723318 6.324702
-18.007151 1.639898 6.860366
-16.733501 3.684592 8.264657
-16.639750 4.917998 1.683763
-16.666634 4.420159 2.071431
-16.668688 5.125062 19.359009
-16.792976 3.253231 4.963106
-16.626959 3.108641 14.674531
-18.250689 2.836255 4.868975
-16.692558 2.475970 11.897784
-16.544104 1.959773 11.278286
-16.489563 1.325715 14.200615
-17.361454 -0.923720 4.380455
-17.291803 -0.977386 3.088275
-16.912809 -1.596447 10.583975
-18.111326 4.055635 8.675793
-18.336441 5.105798 18.768351
-16.804605 4.192542 1.787243
-16.782715 3.502299 2.755292
-18.208492 2.370115 4.894804
-18.107063 1.878616 0.265109
-16.540077 0.764196 0.341721
-16.406906 0.155111 5.438090
-16.447327 1.437045 16.622574
-16.698938 2.492307 6.000669
-16.920246 2.868145 0.520871
-16.688456 2.823807 2.002513
-17.308168 6.814993 2.998910
-16.971325 7.479787 26.794357
-17.403229 7.137723 28.935928
-16.935482 8.556834 51.669537
-18.092825 1.809018 0.122731
-18.046175 2.352893 1.727818
-18.045849 2.619253 7.675538
-16.744404 1.976962 1.791332
-16.633785 2.346747 5.805618
-16.635033 1.950878 3.584541
-16.513714 0.941600 15.597132
-16.675314 2.988040 12.807632
-16.304764 0.815387 19.966873
-18.146267 2.137187 4.180495
-18.038488 1.872378 6.633664
-18.239388 2.696030 2.535201
-16.709356 4.510076 15.104623
-16.770266 3.804802 4.753208
-16.772814 3.108439 7.713661
-18.089952 2.579369 1.520062
-18.142406 2.754459 0.352984
-16.701857 4.457190 0.489079
-16.748674 4.655188 0.281736
-16.594025 4.554660 3.415912
-17.089912 7.217584 15.610718
-17.565804 6.370517 11.818395
-17.891748 5.583208 9.093512
-15.523983 7.291320 16.057154
-17.351120 7.002835 8.148252
-16.667227 8.185782 7.650950
-16.767738 8.535605 30.727243
-17.942932 6.259591 11.657727
-16.417488 5.434342 4.743672
-17.824497 5.809537 4.523120
-17.824146 5.469248 3.055625
-17.964954 5.275014 3.705924
-16.556002 4.263008 4.190887
-16.735592 4.141598 2.763786
-16.484768 4.684366 7.783611
-17.740601 5.740733 0.575569
-17.714708 6.206876 6.361479
-18.049694 5.541912 5.654194
-17.738836 6.179594 3.623774
-17.632298 6.190361 4.342364
-17.837656 5.632442 0.935984
-17.748718 5.748277 0.031961
-17.977016 4.974170 7.752432
-18.267437 4.182031 13.115864
-18.039415 4.276938 4.638055
-18.232904 3.359939 18.882797
-16.124073 5.492711 7.033719
-16.691557 4.217113 0.449931
-17.339108 6.684226 4.163019
-17.265066 6.914897 4.713445
-14.676681 10.068707 3.203122
-14.269950 10.616906 26.440222
-13.559717 11.074796 37.433708
-15.152671 9.858488 18.961819
-16.168903 8.647350 8.954391
-14.743820 10.127257 13.204349
-11.395649 11.887559 15.286619
-11.888047 12.136520 42.045830
-16.241148 8.706299 19.614290
-16.696751 7.955427 17.601854
-17.805351 6.199443 6.041209
-16.437243 5.161478 3.413152
-15.005900 8.037113 3.620012
-15.063128 7.822611 11.999561
-16.584566 8.782894 22.561907
-17.039223 7.302550 4.267920
-15.419451 7.482470 0.701912
-15.204310 7.132151 10.886173
-16.464832 8.487576 18.631922
-17.100960 7.766973 32.417881
-16.554090 8.955142 33.377350
-16.023573 6.550510 21.809870
-16.974808 7.651521 5.074599
-16.725739 8.225892 12.896474
-16.287544 5.829453 7.226194
-16.615795 5.134148 21.761364
-16.633291 3.174360 9.904044
-18.135567 3.647000 2.339796
-18.219606 3.548247 4.298414
-18.147682 3.359370 0.807546
-18.020199 4.165949 0.720215
-18.073212 4.237953 3.870720
-17.984550 4.684525 11.293339
-18.173389 3.297721 4.565378
-18.261534 3.111925 7.753492
-18.124590 2.009553 7.430667
-18.322199 2.258012 16.680984
-16.655401 3.667068 5.108966
-18.134159 3.819218 2.650057
-18.322195 4.137278 12.212773
-16.815290 3.176331 5.395225
-18.125229 2.417194 0.578458
-18.083675 2.810001 2.493959
-18.277515 2.250447 8.243039
-16.618132 4.207762 2.946187
-16.650036 4.450530 3.256835
-16.544033 4.820921 11.289199
-16.662199 3.568106 3.648589
-17.197172 7.797142 19.969271
-15.762214 6.444732 5.412560
-15.783510 6.453618 8.819494
-13.574317 10.847744 9.590912
-12.526450 9.615378 5.250707
-11.250608 10.370431 13.460552
-12.834732 11.176337 12.448616
-14.388268 10.227854 0.927206
-14.139887 10.528245 5.260144
-11.925282 11.615409 43.053432
-15.212296 9.836774 5.066980
-13.994308 9.061150 2.826004
-13.985568 9.029157 1.786663
-13.946939 9.031457 1.936289
-14.068513 8.767426 3.499054
-13.894125 8.730800 11.877189
-14.339713 10.398426 5.965528
-11.619659 10.223127 3.747678
-12.128977 9.938928 6.539922
-12.621696 11.501879 11.895493
-11.478651 10.208617 8.747350
-13.193152 11.181843 6.173120
-13.000453 9.391351 11.160361
-13.376943 9.201481 10.561459
-12.738572 9.615871 6.017504
-10.688196 10.562118 27.612919
-9.994942 12.039886 33.404770
-8.982046 11.927364 23.164547
-10.295049 12.075994 10.270462
-7.741127 12.024165 34.601856
-10.295734 12.105129 7.501129
-8.141685 11.991386 18.506023
-9.308981 11.870382 5.749325
-9.494369 12.101603 11.795360
-9.282264 10.578852 10.098026
-6.151258 11.288114 2.413707
-5.788463 11.296830 2.945536
-5.937083 11.279620 1.736876
-5.587129 11.066998 1.069621
-5.307278 9.230947 12.763297
-6.724760 10.172498 0.754113
-7.011112 9.691413 15.921061
-5.950651 11.212730 1.030598
-5.338026 11.009004 2.190157
-5.357603 10.901065 1.435559
-5.100407 10.824350 5.343956
-5.986640 11.255132 0.352782
-5.550451 11.358291 11.322117
-6.009557 11.320126 1.768459
-6.293523 11.582600 4.097311
-5.876331 11.237169 5.044041
-3.304518 10.191241 44.774212
-6.451208 10.026392 12.942200
-4.239795 10.430546 12.974588
-4.396329 10.486619 7.705274
-4.022510 10.469586 11.921754
-4.204786 8.688673 6.680350
-3.154468 9.727823 7.264198
-2.547108 8.824209 1.039371
-1.645596 7.979909 16.470160
-2.947499 9.441509 3.915457
-2.413233 8.709167 5.659129
-1.240739 6.928207 11.802466
-1.299194 6.961013 4.224552
-1.214209 6.967717 3.537138
-0.655489 6.835681 11.871566
-2.873909 6.534636 15.365045
-2.509851 6.199973 5.205036
-1.417954 2.614678 11.822185
-2.370206 2.209799 27.776733
1.021803 4.092192 13.209760
-0.864651 2.598366 23.592382
1.113007 3.879501 20.408333
1.233073 4.432496 23.443220
-2.043249 2.381728 8.368354
-0.675338 3.038762 4.302396
-0.370901 2.788764 15.201139
-0.617010 2.397373 20.981953
0.476638 2.596056 24.926386
0.863500 3.101521 9.461368
-0.023618 2.749503 11.303822
0.105232 2.655360 11.375711
0.102482 2.528001 17.745010
0.911168 2.722334 14.114731
0.324335 3.001721 8.283263
-0.225726 2.776528 10.495191
0.381268 2.895239 14.272160
0.579883 2.573524 20.861042
1.008011 3.899411 7.749982
0.652523 2.673856 23.174917
-0.752748 2.656048 14.162684
-0.214698 3.421320 0.761466
-0.013621 2.878126 15.333677
-0.399123 3.051567 12.264036
-1.277163 2.898244 8.566045
-0.068738 2.569037 20.345980
-0.886908 6.794663 10.444060
-0.688169 6.795724 10.410616
-1.160606 2.714950 9.120925
0.118186 2.676134 21.246645
-0.239046 2.934167 9.663223
-0.189897 2.968981 12.920783
1.061619 3.616441 11.538834
0.648267 3.080231 12.093631
-0.434209 3.205215 3.032459
0.417749 2.910460 24.174709
-0.830050 2.968438 10.229179
-1.442953 2.568664 22.570627
0.546984 6.665030 6.048626
0.870968 6.102870 5.704905
0.055090 6.681746 2.793600
0.897629 3.844340 3.846439
0.919519 3.485449 6.547352
1.116658 3.230869 12.672720
0.848925 2.861655 24.351669
-1.840598 2.376781 8.334116
-2.609503 3.850894 3.584328
-2.741903 3.988384 3.887584
-2.532153 3.173503 12.374741
-1.091337 2.945172 7.237840
-0.096880 3.494230 2.627678
0.276029 2.985690 23.486683
-0.112663 2.789958 22.806726
-1.740833 2.924571 7.746891
-1.556735 2.811738 10.990841
-1.022483 2.864950 12.997272
-1.484343 2.787014 24.554729
-0.967257 2.801394 25.505035
-1.520304 2.823053 13.813566
-1.916976 2.848816 10.759788
1.421302 4.111440 18.293386
-0.038157 2.753372 10.907261
-0.805596 2.666086 8.012303
-0.679987 2.554515 17.400375
-0.175420 3.053833 8.617033
-2.464982 4.888883 2.755771
-2.564453 5.082937 2.519540
-2.555023 4.985975 2.609797
-2.600804 4.573040 4.733394
-2.495891 5.599118 4.241281
-2.750393 5.078752 17.611240
-2.547450 6.190592 8.083466
-2.716008 2.811270 28.757086
-0.950288 2.689714 7.163664
-1.829679 2.543785 16.506790
-1.406849 2.714834 8.135222
-1.203516 2.543232 12.805352
0.409504 2.289711 34.279835
0.592320 2.160876 40.154190
-1.176407 6.947009 4.965453
-2.542101 2.540159 22.667103
0.912766 2.232200 56.085697
0.688010 2.066502 62.089149
1.394456 4.685209 25.497280
0.397743 6.857065 16.180439
-1.209239 7.089414 3.740045
-2.813327 7.213867 2.199415
-2.903595 7.275976 0.927995
-2.915142 7.193082 1.470373
-1.589872 7.574733 1.090040
-1.499993 7.574435 5.571211
-1.141895 6.779569 9.009272
-1.235564 7.057281 5.306119
-0.768443 6.964518 2.812239
-0.869736 6.644974 7.544806
-1.684391 7.689941 0.581941
-1.611467 7.484571 0.434076
-1.383231 7.297906 3.014656
-1.622282 7.718259 2.582769
-1.473500 7.653224 3.112090
-1.316744 7.131224 6.151502
1.095872 5.299836 8.208252
0.792241 4.060703 7.334419
1.125737 4.962851 7.223283
1.095871 4.144833 12.362368
-1.259782 2.745897 5.560536
-0.299864 6.476771 7.236284
-0.611379 6.799677 7.373863
1.090875 4.646408 12.707432
0.635750 6.517866 3.705059
1.192418 5.641506 10.798553
0.081831 6.630062 7.776799
-1.331235 2.824782 13.178598
-2.620766 5.694152 4.658022
-1.436957 2.438685 20.146975
0.988916 4.090383 10.955309
-0.320889 2.486636 22.002438
-2.195709 2.660314 10.306170
-0.781871 2.705987 16.691526
-0.031839 6.888494 15.539627
-2.705567 6.757630 4.401483
-2.535904 6.559390 4.266253
-2.796501 6.890483 1.859594
-2.537615 6.668975 0.081375
-2.509410 6.575356 0.455171
-2.397251 6.275072 1.055333
-2.658868 6.859030 0.566400
-2.438247 6.292223 2.154279
-2.579964 6.563755 2.215546
0.041022 2.905136 5.587474
0.950076 3.787983 4.778649
0.247383 2.346063 31.757301
-2.599672 4.018594 1.221795
-2.831699 3.706397 9.867824
-2.153321 3.096984 4.107495
-2.367805 3.411184 1.542018
-2.231243 2.865756 9.402575
-2.014009 2.916089 5.623018
-1.580654 3.065579 6.765885
-1.473923 3.182021 4.140308
-1.929601 3.181925 1.634233
-2.154283 3.500441 1.597070
-1.568456 3.052057 3.479279
-2.008391 2.946123 5.155332
-2.136702 2.755076 7.925734
-1.286277 2.676661 17.662601
-1.239808 3.043031 8.696889
-2.587276 3.227963 9.937606
-2.650898 3.263160 6.086975
-2.548726 4.574574 2.128248
-1.652612 2.925282 17.853140
-2.103660 2.937620 6.567250
-2.720497 3.273172 11.829304
-1.995556 3.414456 2.171316
-2.214134 3.279378 6.293982
-1.767303 3.277929 3.092950
-1.539940 3.001648 11.669737
0.683693 4.665028 3.603241
-2.622886 6.428491 6.560716
-3.100577 5.976898 11.975212
-3.130659 6.866793 15.175396
-1.373279 6.896377 0.447444
-0.581862 6.667344 6.832323
-2.933551 6.046105 10.054217
-3.169441 9.994740 8.578680
-4.865252 9.178854 14.033313
-7.804803 10.566875 16.790359
-5.845306 11.556902 9.051273
-7.837639 10.399996 10.796114
-12.021175 11.492626 39.553467
-10.370848 10.643548 12.456592
-12.240751 10.053102 11.454639
-13.036884 11.520725 22.179173
-15.112860 9.651258 6.357741
-16.290800 8.803728 17.625862
-16.217966 9.084511 23.359503
-13.002075 11.249911 13.600259
-11.053299 11.853300 9.003853
-10.595854 11.844284 1.959378
-10.709405 12.024210 10.161394
-11.234750 10.149617 10.521037
-11.836871 11.655497 16.000015
-11.009007 12.063377 31.471115
-9.426591 11.883558 10.257151
-8.909657 11.996469 14.112552
-9.411222 12.110241 20.694784
-7.884163 12.187877 16.889694
-5.960790 11.470309 3.950337
-6.365758 11.496011 1.496633
-6.269970 11.371490 1.573983
-8.099936 10.518693 1.274483
-7.862584 10.415537 4.416160
-7.248388 10.359952 0.523869
-7.396717 10.308856 0.128846
-7.546095 10.381266 0.236943
-8.785110 12.002405 3.293262
-8.427169 11.803643 0.930047
-9.086601 11.840754 1.955350
-8.428400 11.988600 1.445058
-9.051309 12.079413 9.044516
-9.519271 11.877151 4.481293
-9.922185 10.562946 3.884689
-9.604721 10.494363 3.676332
-9.775832 10.383087 10.309397
-6.625860 11.648438 9.948310
-8.472994 10.517344 8.729225
-7.757167 11.731815 0.457310
-7.403789 11.735043 6.923714
-5.677509 11.145970 4.747637
-6.373878 11.534321 16.022413
-8.782623 11.921986 0.640876
-8.447507 11.882504 0.695419
-8.502661 12.020860 6.684651
-6.846315 11.688373 19.654503
-11.629951 10.296824 3.022185
-11.552028 10.216240 5.877773
-11.265553 11.729707 7.853406
-11.253786 11.670973 6.421075
-11.896156 11.783159 24.325523
-10.026456 11.907121 7.136052
-12.155327 11.705554 8.941274
-11.127399 11.877122 2.110257
-11.209245 11.683817 0.016352
-10.923430 11.831749 2.452353
-10.976273 11.696162 0.883377
-11.122129 12.039003 5.322464
-12.168002 11.333454 0.419539
-11.996877 11.630103 1.271828
-12.333055 11.571350 3.151662
-11.942832 11.699218 1.695621
-11.798871 11.674665 1.740945
-12.247649 11.783693 6.870721
-11.598212 11.793759 3.374550
-11.942340 11.905952 8.599247
-11.747599 10.314823 1.006897
-11.117697 10.331781 4.502936
-11.571744 10.195300 6.110274
-11.397882 11.697547 1.035362
-12.230374 11.449965 3.172229
-11.619039 11.725126 1.245633
-11.661396 11.523289 1.608108
-11.644799 11.601852 1.268602
-11.975787 11.506145 0.183386
-13.397645 10.887546 0.455782
-13.115502 10.881047 1.053908
-13.161862 11.024561 1.805711
-13.980157 10.450330 10.190804
-13.647241 10.861758 12.752372
-13.058976 10.930554 1.521798
-13.083922 11.099068 1.891960
-13.634945 10.645527 1.872381
-13.246450 11.060122 2.484216
-12.560710 11.202729 2.539364
-12.796813 11.322881 7.445235
-11.604119 10.172090 0.585933
-8.102227 11.959917 47.377377
-10.876114 11.902573 15.859800
-12.283317 9.902028 4.569495
-12.958519 11.252027 2.902611
-12.545236 11.256169 3.576042
-12.983828 11.277798 2.302492
-12.915531 9.421988 4.998171
-12.603862 9.742534 0.959184
-12.161760 10.108995 1.461834
-13.557002 10.903054 1.128053
-11.892369 10.101663 3.335119
-11.414700 10.220750 6.117630
-12.313640 11.386962 2.772105
-12.608594 11.366683 7.235929
-12.264693 10.053729 1.640524
-12.221451 9.871459 14.219883
-14.622806 10.115927 5.656274
-13.893101 8.785169 16.513821
-14.883156 9.842698 2.866009
-14.558175 10.291013 1.472709
-14.819904 10.038462 6.339750
-14.544607 10.264326 1.162319
-14.897411 9.970022 0.452657
-14.792866 10.124094 1.085531
-14.700977 10.060957 0.097262
-15.105010 9.870811 4.717057
-17.609510 6.127915 27.098541
