-4.007859 2.589453 3.968791
-4.349871 2.644728 8.588139
-4.600261 2.776485 11.616980
-3.839650 2.942553 21.746519
-1.043686 2.032431 19.475561
-1.246860 0.483951 15.243251
-7.621276 -0.879511 5.830956
-8.703676 -2.565515 10.579829
-8.774884 -1.612627 5.897078
-9.743925 -1.491415 26.256512
-9.339151 -2.522720 0.090888
-9.712645 -1.380551 18.993343
-9.507092 -2.505957 1.678658
-9.272975 -2.398562 4.796437
-9.207525 -1.132622 36.963692
-9.036002 -2.936078 0.527145
-9.116281 -2.877630 4.822184
-2.164717 -0.928458 11.946695
-1.801815 0.015862 1.951981
-2.260961 -0.426787 2.902060
-2.312039 -0.462291 6.416248
-1.204761 0.949160 10.370469
-2.706912 2.823806 8.373722
-2.788626 2.970582 15.095834
-2.495788 3.112199 26.264954
-3.558871 2.692161 1.982325
-3.546154 3.198120 18.295927
-4.237946 2.687403 12.221580
-3.663729 2.947482 17.482784
-2.169704 2.625962 3.158670
-2.500539 2.372750 0.013912
-2.484683 2.861994 8.027511
-2.734997 2.807019 5.483665
-1.960216 2.876084 6.622108
-2.069132 2.602181 2.879995
-1.898043 2.601547 3.650208
-2.295333 2.598201 2.465402
-1.645915 2.226502 2.121020
-1.799949 2.558750 6.027924
-1.710195 2.723565 8.094136
-2.893928 2.715792 6.724478
-3.296689 2.874928 11.568313
-3.335939 2.540142 3.734968
-3.175966 2.486978 1.842417
-3.049083 2.373420 0.154866
-3.359374 2.402990 0.682182
-2.816763 2.559369 3.042849
-2.996838 2.487258 1.356438
-3.151356 2.599160 3.147995
-2.924060 2.658873 5.000827
-2.383309 2.719559 8.343738
-1.496614 1.549520 10.551655
-2.497449 2.985016 13.667480
-2.929892 2.957426 14.601430
-3.961871 2.686826 5.644015
-3.854346 2.709607 7.805925
-2.329232 3.146002 19.109264
-2.065415 2.648313 8.927719
-5.482172 1.096255 9.398955
-7.189384 -5.722530 21.838829
-8.306682 -6.469388 24.347767
-5.702095 -4.338473 9.617128
-5.805372 -3.962330 0.900654
-5.809749 -4.025541 1.624107
-6.318093 -4.644604 14.864448
-7.383091 -5.631575 0.330546
-7.171000 -5.282386 1.199139
-7.656077 -5.729939 0.872331
-7.443487 -5.640618 0.683977
-4.837749 -2.995255 0.627907
-4.776230 -2.912440 3.166855
-4.967852 -3.148911 0.530831
-5.162302 -3.243359 0.195685
-5.304802 -3.394809 5.014801
-5.762311 -3.947156 1.969306
-13.198476 -2.895662 4.680385
-12.939235 -3.622386 6.222779
-12.684013 0.813256 1.506622
-15.433501 4.357605 7.147682
-16.221382 4.498584 3.411717
-16.135687 4.638416 7.315123
-19.891630 6.968178 7.111409
-20.865337 6.414483 25.590416
-20.087929 7.097979 26.848246
-20.720037 6.220452 10.107251
-20.894968 6.142344 11.541982
-20.374413 5.933901 0.740897
-21.263519 5.409484 17.966377
-21.064219 6.130542 12.808616
-21.116936 5.919119 29.271349
-18.519804 6.777384 6.881111
-18.614992 6.888314 11.510199
-20.596716 5.522313 9.203200
-20.185688 6.115164 4.268854
-19.966425 6.383769 3.228558
-19.991779 6.059849 0.690815
-19.903543 6.533358 4.224571
-20.113987 6.371247 4.618819
-19.949743 6.538440 4.737267
-20.846766 5.785745 13.185093
-21.009527 5.204572 9.436729
-20.489573 5.680391 2.949680
-14.842977 3.434757 22.142653
-14.410582 -1.622563 1.131614
-14.806262 -1.655168 9.779447
-15.306868 -1.038047 6.557382
-15.929987 -1.569032 2.289402
-15.589476 -1.366432 2.411862
-15.869607 -1.607346 5.398507
-16.480062 -1.377547 9.625389
-16.306211 -1.489702 0.111268
-16.301804 -1.082837 3.372652
-16.415388 -1.424316 1.687992
-16.171156 -1.182651 9.788834
-15.642183 -1.465569 7.976171
-17.170494 0.750506 16.182959
-15.922075 -2.884112 41.652359
-17.822508 -0.991135 9.743220
-17.474649 -0.531335 4.414889
-17.719536 -0.526730 8.056482
-17.902182 -0.967140 7.314586
-18.379702 -0.501131 5.702532
-18.202787 -0.353433 8.867362
-17.363602 -0.586652 3.429390
-17.864458 -0.680118 2.241730
-18.005880 -0.458187 6.606353
-11.250312 1.682364 5.899106
-12.315749 1.341666 25.365301
-16.097979 -1.359727 22.657923
-12.569455 1.687606 12.103247
-13.369370 -2.914025 3.703942
-12.998795 -3.172262 8.284592
-12.816286 -3.660717 24.703171
-14.965398 -2.766680 17.038555
-6.699424 -5.058030 12.105406
-6.829398 -6.004172 23.314926
-6.844795 -7.319744 62.375595
-5.858147 -6.374668 51.408909
-9.164915 -7.115406 24.932598
-6.469988 -6.974077 45.681366
-7.040138 -8.012035 55.180748
-9.773314 -6.586467 9.501654
-7.449305 -6.709692 19.016748
-8.223643 0.546910 20.508028
-6.717146 1.669068 2.999916
-7.717951 2.697470 3.325486
-7.558908 2.553708 0.689746
-9.590125 4.272865 14.777340
-10.296250 2.989561 7.225411
-8.402996 3.396115 3.667279
-8.345575 3.493525 5.834556
-9.440691 3.565658 0.112051
-9.658039 3.827720 5.550263
-9.401958 4.114305 6.840164
-9.955786 3.356024 4.119689
-10.012458 3.454253 5.429027
-9.637648 3.455855 1.563232
-10.392123 2.698201 14.888029
-8.930117 4.232479 7.202672
-9.941640 4.013350 15.575162
-12.300921 0.855394 21.710985
-11.268396 2.493338 15.219306
-9.740129 1.349360 2.465162
-9.617445 1.280989 3.316053
-9.484971 1.478774 1.534181
-9.336931 1.225840 9.852750
-10.441661 0.778691 23.148354
-6.860161 2.536372 5.625166
-7.391661 2.450340 6.012993
-10.273726 3.593868 19.890707
-10.095110 3.429621 5.318143
-10.121580 3.453885 6.533725
-11.096488 -0.487967 1.740651
-11.189491 -0.454043 0.921585
-11.324807 -0.669451 0.533344
-11.184697 -0.323956 0.127516
-11.123066 -0.362970 3.790237
-11.339215 -0.579390 2.063575
-11.567785 -0.373151 0.010868
-11.286608 -0.377865 1.432965
-13.121675 -3.613498 5.475611
-13.828551 -3.720692 26.311970
-11.207019 -0.429108 0.690712
-10.489223 0.563190 6.312358
-8.591740 4.179165 11.150117
-9.381397 3.477048 5.777996
-10.202724 3.020449 10.275537
-8.581067 1.483197 0.670466
-8.280442 1.534451 1.705474
-8.159719 0.997631 6.386615
-8.441929 1.544339 4.450804
-8.452077 1.475659 7.375185
-9.312983 1.561710 1.244231
-9.552155 1.412067 4.793668
-9.916231 3.257191 6.918029
-9.034556 4.140352 31.092096
-9.433866 1.550664 1.152653
-9.113071 1.468486 4.365086
-9.118324 1.399023 6.595322
-8.210450 1.246559 3.135088
-8.296173 1.298208 2.471026
-8.565975 1.495034 0.209199
-8.657205 1.545155 0.212280
-8.843488 1.449285 2.092338
-8.860311 1.523414 0.519607
-7.798769 0.880781 7.314068
-8.404702 1.458695 2.584058
-7.820759 0.924737 8.360363
-8.084923 1.122498 5.033020
-8.068979 1.131001 4.118499
-5.961917 1.043754 13.357413
-6.925194 -0.653978 11.948809
-3.681348 -2.371526 6.748737
-4.260347 -2.850747 3.488434
-3.128931 -1.959749 19.238289
-3.584690 -2.318569 11.586574
-4.216758 -2.805425 6.009221
-4.974222 -3.456914 14.416950
-4.197549 -2.618510 3.161498
-4.390905 -2.651842 0.757300
-4.257128 -2.407731 0.592367
-4.287858 -2.982329 12.177037
-9.439625 -2.430499 8.237763
-9.303437 -2.417398 20.815186
-9.426891 -1.423585 13.992620
-13.909796 -4.054748 47.939400
-12.163039 -5.410977 28.534317
-15.358875 -0.849542 13.253234
