0.000000 0.000000 0.000000 0.000000
1.000000 -3.038293 0.962128 0.043448
2.000000 -3.232182 1.153885 0.265303
3.000000 -3.446166 1.554876 0.376675
4.000000 -3.678899 1.995159 -1.411180
5.000000 -3.917988 2.489536 0.598722
6.000000 -3.678899 1.995159 -1.698638
7.000000 -4.111657 2.486409 0.584899
8.000000 -3.446166 1.554876 0.286422
9.000000 -3.872035 1.992791 -1.794266
10.000000 -4.533534 2.639645 0.302288
11.000000 -3.446166 1.554876 0.283159
12.000000 -3.678894 2.185587 0.225993
13.000000 -3.038293 0.962128 0.142547
14.000000 -2.843611 1.154123 0.427313
15.000000 -2.438164 1.546345 0.054383
16.000000 -1.803892 1.785109 0.435692
17.000000 -3.038293 0.962128 0.035611
18.000000 -2.843609 0.961852 0.450622
19.000000 -2.824784 0.962744 0.172568
20.000000 -2.806321 0.769453 -1.897760
21.000000 -2.605473 0.748628 -1.532934
22.000000 -2.197741 0.726369 -1.846769
23.000000 -1.562572 0.530358 0.082209
24.000000 -2.806321 0.769453 -1.445787
25.000000 -2.993800 0.372685 -1.891332
26.000000 -3.396309 -0.061491 -1.468042
27.000000 -4.029372 -0.519459 0.009903
28.000000 -4.898173 -0.985526 4.509601
29.000000 -5.815979 -1.264774 8.230861
30.000000 -6.761471 -1.716801 8.592530
31.000000 -7.909969 -2.355662 8.222013
32.000000 -7.909969 -2.355662 8.596915
33.000000 -7.909969 -2.355662 8.188178
34.000000 -7.909969 -2.355662 8.476163
35.000000 -7.909969 -2.355662 8.532945
36.000000 -7.909969 -2.355662 8.396788
37.000000 -9.081887 -2.839974 8.398587
38.000000 -7.909969 -2.355662 8.112684
39.000000 -6.761471 -1.716801 8.442154
40.000000 -5.815979 -1.264774 8.351043
41.000000 -6.566460 -1.332620 8.215549
42.000000 -7.307735 -1.173689 8.424068
43.000000 -5.815979 -1.264774 8.015991
44.000000 -6.761471 -1.716801 8.135770
45.000000 -7.909971 -1.977653 8.324461
46.000000 -8.898949 -2.249025 8.434295
47.000000 -7.909971 -1.977653 8.276049
48.000000 -6.761471 -1.716801 8.228209
49.000000 -5.815979 -1.264774 8.221343
50.000000 -6.761470 -1.523103 8.258505
51.000000 -7.521723 -1.763067 8.305402
52.000000 -8.108638 -2.140573 8.005433
53.000000 -8.649874 -2.524619 8.567710
54.000000 -7.521723 -1.763067 8.361387
55.000000 -8.267065 -1.729688 8.150802
56.000000 -6.761470 -1.523103 8.434850
57.000000 -7.909968 -1.762257 8.238144
58.000000 -9.082740 -1.608550 8.469527
59.000000 -4.898173 -0.985526 4.114821
60.000000 -5.815979 -1.456047 8.489937
61.000000 -6.761470 -1.926359 8.178646
62.000000 -7.909970 -2.395646 8.564341
63.000000 -9.038697 -2.816855 8.084163
64.000000 -8.921237 -2.602652 8.063246
65.000000 -8.994500 -2.932489 8.365211
66.000000 -9.135874 -3.043518 8.508646
67.000000 -9.276930 -3.076596 8.414491
68.000000 -9.608735 -2.890307 6.400790
69.000000 -9.703439 -2.412372 6.314295
70.000000 -9.543786 -2.272047 6.338615
71.000000 -9.363826 -2.487070 6.211220
72.000000 -9.543786 -2.272047 6.487726
73.000000 -9.558143 -2.157350 6.085836
74.000000 -9.569590 -1.828179 8.183127
75.000000 -9.703439 -2.412372 6.578173
76.000000 -9.791779 -2.314201 6.185635
77.000000 -9.636654 -2.327457 6.244807
78.000000 -9.791779 -2.314201 6.144509
79.000000 -9.565371 -2.424789 6.531321
80.000000 -9.619811 -2.331740 6.389329
81.000000 -9.543637 -2.055093 6.528805
82.000000 -9.363014 -1.581966 8.356232
83.000000 -9.132962 -3.004546 8.483421
84.000000 -9.056510 -3.051971 8.162650
85.000000 -9.132962 -3.004546 8.597453
86.000000 -8.839172 -3.030646 8.294415
87.000000 -8.798711 -3.002472 8.455786
88.000000 -9.052949 -2.973342 6.384546
89.000000 -8.839172 -3.030646 8.237522
90.000000 -8.540942 -3.060937 8.074884
91.000000 -8.180675 -3.085526 6.474273
92.000000 -7.874471 -3.015927 8.381359
93.000000 -7.716495 -3.088793 8.052333
94.000000 -7.576014 -2.974965 6.519217
95.000000 -7.258494 -2.662500 6.286813
96.000000 -6.928335 -2.127459 8.521974
97.000000 -6.580928 -1.741914 6.343849
98.000000 -6.227781 -1.154196 6.514025
99.000000 -5.678076 -0.750396 8.335765
100.000000 -4.917011 -0.532336 6.566066
101.000000 -4.311757 -0.538147 6.322546
102.000000 -3.700184 -0.398557 6.356109
103.000000 -3.099002 -0.457849 6.423314
104.000000 -2.501329 -0.718821 6.545235
105.000000 -3.700184 -0.398557 6.205431
106.000000 -3.292516 -0.263851 6.221543
107.000000 -2.908596 -0.120641 6.384580
108.000000 -2.544563 -0.166964 6.194895
109.000000 -1.978769 -0.053263 8.387351
110.000000 -2.544563 -0.166964 6.582909
111.000000 -2.367022 -0.430247 6.149940
112.000000 -2.506304 -0.167891 6.517641
113.000000 -2.357307 -0.253345 6.547256
114.000000 -2.908596 -0.120641 6.414336
115.000000 -2.273613 0.292014 6.071665
116.000000 -1.585989 0.574854 8.377590
117.000000 -2.908596 -0.120641 6.375635
118.000000 -2.737649 0.289194 6.346377
119.000000 -2.593860 0.574461 6.530861
120.000000 -2.664051 0.952026 6.255953
121.000000 -2.567236 1.527786 8.080136
122.000000 -2.666655 2.315686 8.479297
123.000000 -2.664051 0.952026 6.214322
124.000000 -2.761784 1.526799 8.444114
125.000000 -2.880584 2.315950 8.324147
126.000000 -2.593860 0.574461 6.056597
127.000000 -2.471019 0.951806 6.541192
128.000000 -2.548941 1.526682 8.405175
129.000000 -2.454792 2.314792 8.438560
130.000000 -2.737649 0.289194 6.097826
131.000000 -2.784176 0.571177 6.471520
132.000000 -3.062073 1.127291 8.222754
133.000000 -3.387364 1.899720 8.121511
134.000000 -3.544840 2.521252 8.334908
135.000000 -3.387364 1.899720 8.268042
136.000000 -3.544840 2.903244 8.438034
137.000000 -2.784176 0.571177 6.362445
138.000000 -2.873005 0.944378 6.540786
139.000000 -3.180253 1.514360 8.495165
140.000000 -3.516745 1.913804 8.208749
141.000000 -4.067836 2.504368 8.287894
142.000000 -2.873005 0.944378 6.493374
143.000000 -2.987462 1.518577 8.121793
144.000000 -3.304240 2.300926 8.547731
145.000000 -2.784176 0.571177 6.229359
146.000000 -2.678910 1.137682 8.253972
147.000000 -2.579614 1.730475 8.552761
148.000000 -2.275568 2.344162 8.509299
149.000000 -2.579614 1.730475 8.386387
150.000000 -2.469976 2.151231 8.436378
151.000000 -2.579614 1.730475 8.406349
152.000000 -2.469976 2.345036 8.344293
153.000000 -2.678910 1.137682 8.109838
154.000000 -2.579613 1.921651 8.553706
155.000000 -2.664151 2.555049 8.435070
156.000000 -2.678910 1.137682 8.207872
157.000000 -2.385980 1.727443 8.132056
158.000000 -2.064152 2.531483 8.504339
159.000000 -2.678910 1.137682 8.299848
160.000000 -2.385981 1.537357 8.038774
161.000000 -2.258451 1.940109 6.249137
162.000000 -2.127728 2.523549 8.319254
163.000000 -2.258451 1.940109 6.449638
164.000000 -1.932728 2.522848 8.519061
165.000000 -2.258451 1.940109 6.375203
166.000000 -2.320075 2.519961 8.317493
167.000000 -2.258451 1.940109 6.340264
168.000000 -1.932057 2.165267 8.068575
169.000000 -2.258451 1.940109 6.203331
170.000000 -1.932728 2.335020 8.306828
171.000000 -2.385981 1.537357 8.223042
172.000000 -2.064153 2.133305 8.399679
173.000000 -2.678910 1.137682 8.090397
174.000000 -2.579615 1.536656 8.127820
175.000000 -2.664153 2.130709 8.399568
176.000000 -2.678910 1.137682 8.009051
177.000000 -2.774117 1.730864 8.259148
178.000000 -3.070370 2.530965 8.456758
179.000000 -2.678910 1.137682 8.245558
180.000000 -2.774117 1.539041 8.296514
181.000000 -3.070371 2.130636 8.048223
182.000000 -2.774117 1.539041 8.124528
183.000000 -2.878794 1.939521 6.212142
184.000000 -3.192172 2.335195 8.078998
185.000000 -2.878794 1.939521 6.113619
186.000000 -2.998874 2.168863 8.234561
187.000000 -2.878794 1.939521 6.512209
188.000000 -3.192172 2.174118 8.409441
189.000000 -2.840623 1.976975 6.082325
190.000000 -2.803936 2.333816 8.493847
191.000000 -2.840623 1.976975 6.412023
192.000000 -2.998874 2.333630 8.477101
193.000000 -2.678910 1.137682 8.343791
194.000000 -2.774117 1.539041 8.229803
195.000000 -2.878794 1.939521 6.378851
196.000000 -3.192172 2.520607 8.327981
197.000000 -2.878794 1.939521 6.111737
198.000000 -2.998875 2.523450 8.246485
199.000000 -2.774117 1.539041 8.079441
200.000000 -2.683897 2.132613 8.403775
201.000000 -2.737649 0.289194 6.392735
202.000000 -2.399302 0.575408 6.016760
203.000000 -1.869140 0.952458 8.152664
204.000000 -2.737649 0.289194 6.016240
205.000000 -2.784176 0.571177 6.287700
206.000000 -2.678910 1.137682 8.053536
207.000000 -2.774117 1.730864 8.196747
208.000000 -2.683898 2.537485 8.049411
209.000000 -2.784176 0.571177 6.129015
210.000000 -2.678911 0.944467 6.122595
211.000000 -2.774118 1.518419 8.055141
212.000000 -2.878794 2.303931 8.401921
213.000000 -2.784176 0.571177 6.048120
214.000000 -2.873005 1.135444 8.406913
215.000000 -3.180251 1.725287 8.454425
216.000000 -3.706898 2.151196 8.097013
217.000000 -2.873005 1.135444 8.424212
218.000000 -3.180252 1.911291 8.499503
219.000000 -3.706899 2.539359 8.453642
220.000000 -2.873005 1.135444 8.045395
221.000000 -2.792457 1.917201 8.122822
222.000000 -2.509126 2.918862 8.326256
223.000000 -2.784176 0.571177 6.352580
224.000000 -2.873005 0.753045 6.138858
225.000000 -2.792456 1.113508 8.468345
226.000000 -2.701843 1.669637 8.029010
227.000000 -2.400689 2.065446 8.482282
228.000000 -2.792456 1.113508 8.506239
229.000000 -2.896376 1.285981 8.575444
230.000000 -3.195672 1.268628 8.369473
231.000000 -3.529254 1.023662 8.194508
232.000000 -3.885997 0.927304 6.136177
233.000000 -4.250627 1.019035 8.342773
234.000000 -4.812308 0.949165 6.495108
235.000000 -3.885997 0.927304 6.128523
236.000000 -4.055791 1.016601 8.268390
237.000000 -4.209598 0.940740 6.427449
238.000000 -4.344962 1.062700 6.009662
239.000000 -4.279668 1.191003 6.567847
240.000000 -4.388176 1.143299 6.317046
241.000000 -4.496336 1.078098 6.352226
242.000000 -4.616786 0.803851 6.239749
243.000000 -4.741399 0.312910 6.300001
244.000000 -4.867409 -0.220336 6.289917
245.000000 -4.799201 -0.778583 6.465672
246.000000 -4.907007 -1.151304 8.190596
247.000000 -5.207366 -1.510209 6.014455
248.000000 -5.540997 -2.043856 8.153678
249.000000 -5.897475 -2.783111 8.121176
250.000000 -6.455347 -3.556558 8.454995
251.000000 -6.841382 -4.550053 8.272349
252.000000 -5.540997 -2.043856 8.265813
253.000000 -6.090412 -2.588778 6.054359
254.000000 -6.473525 -3.346361 8.526632
255.000000 -7.053073 -4.314262 8.353946
256.000000 -7.640266 -5.515939 8.259324
257.000000 -5.540997 -2.043856 8.361287
258.000000 -5.702481 -2.782452 8.150441
259.000000 -5.852963 -3.556478 8.174981
260.000000 -5.792096 -4.355075 8.397578
261.000000 -5.702481 -2.782452 8.057266
262.000000 -5.852962 -3.363248 8.506052
263.000000 -5.785620 -3.766872 8.057245
264.000000 -5.852962 -3.363248 8.398060
265.000000 -5.792582 -3.950172 8.314551
266.000000 -5.852962 -3.363248 8.535474
267.000000 -6.175238 -4.145741 8.099648
268.000000 -5.540997 -2.043856 8.429440
269.000000 -6.090409 -2.774609 6.034982
270.000000 -6.473525 -3.357185 8.058918
271.000000 -7.053071 -3.748687 6.535670
272.000000 -7.445596 -4.303424 8.309989
273.000000 -7.640908 -4.853026 8.153515
274.000000 -7.803474 -5.221381 8.232767
275.000000 -7.747875 -5.388070 8.323090
276.000000 -7.445637 -5.552383 6.545320
277.000000 -7.747875 -5.388070 8.100333
278.000000 -7.657261 -5.337794 6.224099
279.000000 -7.272818 -5.322937 6.097552
280.000000 -7.657261 -5.337794 6.545707
281.000000 -7.662913 -5.509204 6.389975
282.000000 -7.692344 -5.664675 6.360692
283.000000 -7.662913 -5.509204 6.215025
284.000000 -7.622119 -5.259857 6.082389
285.000000 -7.539120 -5.057410 6.162117
286.000000 -7.215882 -4.548009 6.473943
287.000000 -6.679572 -4.184551 8.443508
288.000000 -6.104341 -3.617074 6.559518
289.000000 -5.697270 -3.231236 8.564312
290.000000 -5.492797 -3.032348 8.074597
291.000000 -5.113926 -3.082064 6.425408
292.000000 -5.492797 -3.032348 8.225976
293.000000 -5.317161 -3.068323 6.117990
294.000000 -5.073678 -3.047212 6.288912
295.000000 -5.317161 -3.068323 6.356773
296.000000 -5.100200 -3.214020 6.410724
297.000000 -5.317161 -3.068323 6.195755
298.000000 -5.271384 -3.230494 6.413950
299.000000 -5.317161 -3.068323 6.484837
300.000000 -5.303249 -3.381994 6.160966
301.000000 -5.492797 -3.032348 8.542546
302.000000 -5.514753 -3.045382 6.382908
303.000000 -5.771064 -3.278392 6.377953
304.000000 -5.880149 -3.572112 6.159892
305.000000 -5.759952 -3.929787 6.180032
306.000000 -5.880149 -3.572112 6.000767
307.000000 -6.195185 -3.690279 6.084293
308.000000 -6.710046 -3.617743 6.567825
309.000000 -7.451036 -3.697473 10.339956
310.000000 -8.043518 -3.970162 10.063873
311.000000 -8.449196 -4.077600 12.596644
312.000000 -8.449196 -4.077600 12.408229
313.000000 -8.449196 -4.077600 12.266105
314.000000 -8.449196 -4.077600 12.412129
315.000000 -8.449196 -4.077600 12.531196
316.000000 -8.449196 -4.077600 12.077687
317.000000 -8.634845 -4.191371 16.317879
318.000000 -8.778916 -4.484896 14.101784
319.000000 -8.702000 -4.979828 14.536391
320.000000 -8.702000 -4.979828 14.521008
321.000000 -8.702000 -4.979828 14.313632
322.000000 -8.702000 -4.979828 14.408947
323.000000 -8.702000 -4.979828 14.260120
324.000000 -8.702000 -4.979828 14.514978
325.000000 -8.597542 -5.320121 16.594545
326.000000 -8.702000 -4.979828 14.360699
327.000000 -8.778916 -4.484896 14.309660
328.000000 -8.634845 -4.191371 16.230108
329.000000 -8.972914 -4.099395 14.317652
330.000000 -9.496173 -3.986503 14.544535
331.000000 -10.050054 -3.662417 20.350512
332.000000 -10.818940 -3.126491 20.344522
333.000000 -11.806011 -2.372198 20.463602
334.000000 -11.806011 -2.372198 20.443653
335.000000 -11.806011 -2.372198 20.073881
336.000000 -11.806011 -2.372198 20.412867
337.000000 -11.806011 -2.372198 20.544237
338.000000 -11.806011 -2.372198 20.519947
339.000000 -12.641568 -1.759908 20.349148
340.000000 -11.806011 -2.372198 20.463314
341.000000 -10.818940 -3.126491 20.487625
342.000000 -10.050054 -3.662417 20.172226
343.000000 -10.818937 -3.312759 20.112831
344.000000 -11.421218 -3.136145 24.049240
345.000000 -12.025316 -3.161661 24.096296
346.000000 -12.423120 -3.223135 24.484034
347.000000 -12.423120 -3.223135 24.348824
348.000000 -12.423120 -3.223135 24.034828
349.000000 -12.423120 -3.223135 24.432590
350.000000 -12.423120 -3.223135 24.469139
351.000000 -12.423120 -3.223135 24.585907
352.000000 -12.992792 -3.307920 22.267479
353.000000 -12.423120 -3.223135 24.504574
354.000000 -12.025316 -3.161661 24.336740
355.000000 -11.421218 -3.136145 24.024004
356.000000 -11.831898 -3.155404 24.025751
357.000000 -12.212087 -3.399405 24.295139
358.000000 -12.568794 -3.690272 24.244432
359.000000 -12.212087 -3.399405 24.573935
360.000000 -11.831898 -3.155404 24.061457
361.000000 -12.020753 -3.206174 24.079670
362.000000 -12.361326 -3.282745 24.228189
363.000000 -12.703039 -3.183412 22.246084
364.000000 -12.980254 -2.998069 24.189091
365.000000 -12.361326 -3.282745 24.574884
366.000000 -12.886874 -3.554584 22.038050
367.000000 -12.020753 -3.206174 24.183237
368.000000 -12.361323 -3.089478 24.096968
369.000000 -12.499271 -2.770807 24.021481
370.000000 -12.628347 -2.227743 24.297251
371.000000 -12.741527 -1.640000 24.016167
372.000000 -12.654876 -0.834227 24.539618
373.000000 -12.742308 -0.192159 24.105116
374.000000 -12.829483 0.259124 22.005735
375.000000 -12.721453 0.502954 22.490698
376.000000 -12.829483 0.259124 22.327810
377.000000 -12.928984 0.488394 22.356153
378.000000 -13.226403 0.677286 28.382050
379.000000 -13.736118 0.656538 28.201931
380.000000 -14.092079 0.791597 28.169559
381.000000 -14.092079 0.791597 28.470711
382.000000 -14.092079 0.791597 28.335800
383.000000 -14.092079 0.791597 28.461206
384.000000 -14.092079 0.791597 28.050629
385.000000 -14.092079 0.791597 28.252960
386.000000 -14.259871 0.927054 28.398500
387.000000 -14.092079 0.791597 28.004961
388.000000 -13.736118 0.656538 28.282270
389.000000 -13.226403 0.677286 28.239676
390.000000 -13.350695 0.644273 28.375454
391.000000 -13.474916 0.778393 26.579008
392.000000 -13.780731 0.719285 26.582016
393.000000 -13.474916 0.778393 26.534565
394.000000 -13.350695 0.644273 28.324522
395.000000 -13.226403 0.677286 28.480118
396.000000 -13.736118 0.656538 28.080769
397.000000 -14.286243 0.600948 28.073612
398.000000 -14.666411 0.333814 28.037350
399.000000 -14.843615 0.233429 26.416216
400.000000 -14.985800 0.321163 26.418898
401.000000 -15.297431 0.440487 32.271656
402.000000 -15.812068 0.581917 32.062119
403.000000 -16.553268 0.914532 32.185547
404.000000 -16.553268 0.914532 32.050819
405.000000 -16.553268 0.914532 32.063137
406.000000 -16.553268 0.914532 32.204964
407.000000 -16.553268 0.914532 32.403973
408.000000 -16.553268 0.914532 32.190289
409.000000 -17.531273 1.445148 32.144497
410.000000 -16.553268 0.914532 32.183037
411.000000 -15.812068 0.581917 32.088760
412.000000 -15.297431 0.440487 32.549770
413.000000 -15.620630 0.389262 32.477543
414.000000 -15.764944 0.135351 30.205750
415.000000 -15.703393 -0.333004 30.229172
416.000000 -15.764944 0.135351 30.392584
417.000000 -15.620630 0.389262 32.254627
418.000000 -15.297431 0.440487 32.440784
419.000000 -15.812068 0.581917 32.120781
420.000000 -16.169470 0.922887 32.306850
421.000000 -16.531338 1.286459 32.487091
422.000000 -16.687893 1.669601 32.382454
423.000000 -16.630312 1.871882 30.463978
424.000000 -16.727451 2.249141 32.115604
425.000000 -16.622934 2.627297 32.378460
426.000000 -16.317017 3.206628 32.291756
427.000000 -15.785659 3.803652 32.193382
428.000000 -16.622934 2.627297 32.113068
429.000000 -16.509811 3.018618 32.231693
430.000000 -16.575214 3.415240 32.492687
431.000000 -16.460466 3.811099 30.226498
432.000000 -16.335611 4.216744 32.178116
433.000000 -16.460466 3.811099 30.219952
434.000000 -16.343420 4.402862 32.091145
435.000000 -16.575214 3.415240 32.588341
436.000000 -16.846512 3.626820 30.263247
437.000000 -17.345329 3.820190 32.078121
438.000000 -17.890125 4.184401 32.204494
439.000000 -18.266674 4.755214 52.496773
440.000000 -18.440798 5.542063 52.598473
441.000000 -18.440798 5.542063 52.351696
442.000000 -18.440798 5.542063 52.500820
443.000000 -18.440798 5.542063 52.185036
444.000000 -18.440798 5.542063 52.438381
445.000000 -18.440798 5.542063 52.211395
446.000000 -18.580116 6.373194 52.202984
447.000000 -18.440798 5.542063 52.530029
448.000000 -18.266674 4.755214 52.455322
449.000000 -17.890125 4.184401 32.428890
450.000000 -18.266674 4.755214 52.573917
451.000000 -18.828077 5.170070 52.380150
452.000000 -19.198069 5.587274 52.278290
453.000000 -18.828077 5.170070 52.251877
454.000000 -18.266674 4.755214 52.209427
455.000000 -17.890125 4.184401 32.004562
456.000000 -18.266674 4.755214 52.282322
457.000000 -18.828077 5.362171 52.362675
458.000000 -19.198074 5.993303 52.526028
459.000000 -19.562658 6.633343 52.531593
460.000000 -18.828077 5.362171 52.518429
461.000000 -19.584978 5.805788 52.094532
462.000000 -20.565952 6.238947 52.267239
463.000000 -17.890125 4.184401 32.233269
464.000000 -18.461691 4.370678 32.159424
465.000000 -19.042376 4.747893 32.210682
466.000000 -19.431406 5.321310 32.449677
467.000000 -19.802856 6.117174 32.137817
468.000000 -17.890125 4.184401 32.540409
469.000000 -18.654419 4.749719 32.143810
470.000000 -19.253870 5.160327 32.332985
471.000000 -20.050171 5.769535 32.203190
472.000000 -20.659607 6.193244 32.596043
473.000000 -19.253870 5.160327 32.338829
474.000000 -20.050173 5.576943 32.542671
475.000000 -20.854527 5.981006 32.038219
476.000000 -19.253870 5.160327 32.182148
477.000000 -19.855648 5.384024 32.360916
478.000000 -20.251797 5.578268 32.413551
479.000000 -19.855648 5.384024 32.567413
480.000000 -20.639894 5.391713 32.203796
481.000000 -18.654419 4.749719 32.169083
482.000000 -19.638483 5.347528 32.008446
483.000000 -20.471636 5.776531 32.386326
484.000000 -17.890125 4.184401 32.118462
485.000000 -18.266672 4.563976 32.077389
486.000000 -18.440800 4.959544 32.313133
487.000000 -18.580112 5.168914 32.571533
488.000000 -18.888937 5.173262 32.068939
489.000000 -19.400791 5.327345 32.068512
490.000000 -20.139269 5.658892 32.583145
491.000000 -21.112417 5.834736 32.367622
492.000000 -18.541750 5.168789 32.389576
493.000000 -18.694508 5.554179 32.320763
494.000000 -18.800642 5.746516 30.452932
495.000000 -18.709387 5.932356 30.349804
496.000000 -18.793079 6.297923 32.021118
497.000000 -18.666929 6.692122 32.230320
498.000000 -18.709387 5.932356 30.345343
499.000000 -18.598061 6.298413 32.059116
500.000000 -18.800642 5.746516 30.368944
501.000000 -19.097982 5.933888 32.535580
502.000000 -19.605385 5.921882 32.489601
503.000000 -20.341675 5.706171 32.435150
504.000000 -19.097986 5.970614 32.083149
505.000000 -19.605379 6.106848 32.204739
506.000000 -20.153078 6.082801 32.166325
507.000000 -19.605379 6.106848 32.526199
508.000000 -19.958878 6.272853 32.549507
509.000000 -19.605379 6.106848 32.060623
510.000000 -19.973541 6.094658 32.580692
511.000000 -19.605379 6.106848 32.278809
512.000000 -19.958183 6.466081 32.305935
513.000000 -19.605379 6.106848 32.112419
514.000000 -20.152372 6.272960 32.097569
515.000000 -19.097986 5.970614 32.133739
516.000000 -19.414457 6.297569 32.570633
517.000000 -19.942533 6.486655 32.187386
518.000000 -19.097986 5.970614 32.354370
519.000000 -19.219725 5.911102 32.569065
520.000000 -19.535236 5.678258 30.285442
521.000000 -20.049356 5.593182 32.297874
522.000000 -20.788624 5.685005 32.327408
523.000000 -19.143501 5.913125 32.538307
524.000000 -19.535234 5.866470 30.461914
525.000000 -19.662683 5.606556 30.027500
526.000000 -19.980234 5.514808 30.484035
527.000000 -20.497957 5.235412 32.007057
528.000000 -20.911726 5.191250 32.484306
529.000000 -19.980236 5.588803 30.165339
530.000000 -20.108334 5.420841 32.112236
531.000000 -20.440372 5.546421 32.427063
532.000000 -20.108334 5.420841 32.256710
533.000000 -20.231577 5.145729 32.433750
534.000000 -20.146107 4.855857 32.003796
535.000000 -19.845427 4.550049 36.388004
536.000000 -19.505014 4.046456 36.161407
537.000000 -18.944181 3.522601 36.287033
538.000000 -18.944181 3.522601 36.259159
539.000000 -18.944181 3.522601 36.033875
540.000000 -18.944181 3.522601 36.086723
541.000000 -18.944181 3.522601 36.038692
542.000000 -18.944181 3.522601 36.066349
543.000000 -18.356005 2.787783 36.404404
544.000000 -18.944181 3.522601 36.395969
545.000000 -19.505014 4.046456 36.026867
546.000000 -19.845427 4.550049 36.314861
547.000000 -19.505014 4.046456 36.045048
548.000000 -18.944181 3.522601 36.117535
549.000000 -18.164446 2.794811 36.567173
550.000000 -18.944181 3.522601 36.075787
551.000000 -19.505014 4.046456 36.537212
552.000000 -19.845427 4.550049 36.540668
553.000000 -19.314369 4.424743 36.254658
554.000000 -18.737846 4.123647 34.550064
555.000000 -18.132877 4.016324 34.188301
556.000000 -17.518501 3.721209 34.168381
557.000000 -16.706369 3.613864 34.333309
558.000000 -16.069057 3.512655 34.301769
559.000000 -15.236754 3.424604 36.266563
560.000000 -18.132877 4.016324 34.515049
561.000000 -17.712654 3.724284 34.537048
562.000000 -17.500351 3.244658 34.308128
563.000000 -17.132658 2.532840 40.400021
564.000000 -16.964455 1.973953 38.014267
565.000000 -16.805323 1.214561 38.047813
566.000000 -16.805323 1.214561 38.279690
567.000000 -16.805323 1.214561 38.163414
568.000000 -16.805323 1.214561 38.208141
569.000000 -16.805323 1.214561 38.118393
570.000000 -16.805323 1.214561 38.419697
571.000000 -16.661634 0.444173 38.516842
572.000000 -16.805323 1.214561 38.005829
573.000000 -16.964455 1.973953 38.119339
574.000000 -17.132658 2.532840 40.370247
575.000000 -16.964451 1.782462 38.051834
576.000000 -16.996929 1.193881 38.057392
577.000000 -17.255898 0.795319 40.494465
578.000000 -16.996929 1.193881 38.458244
579.000000 -16.964451 1.782462 38.555618
580.000000 -17.132658 2.532840 40.033897
581.000000 -16.769943 1.592654 38.068024
582.000000 -16.202095 0.420183 38.142010
583.000000 -15.489597 -0.726276 38.313251
584.000000 -14.552034 -1.673027 40.293697
585.000000 -15.489597 -0.726276 38.413189
586.000000 -14.551882 -1.544239 40.348701
587.000000 -16.202095 0.420183 38.409306
588.000000 -16.020952 -0.394374 38.060005
589.000000 -15.675805 -1.379154 40.208691
590.000000 -15.322905 -1.176855 40.247498
591.000000 -16.020952 -0.394374 38.490372
592.000000 -16.060274 -1.188704 40.078293
593.000000 -16.020952 -0.394374 38.342743
594.000000 -15.868206 -0.995374 38.161423
595.000000 -16.020952 -0.394374 38.514954
596.000000 -15.869125 -1.187179 40.478279
597.000000 -16.202095 0.420183 38.067207
598.000000 -16.099426 -0.509003 38.383259
599.000000 -16.022705 -1.440990 40.350418
600.000000 -16.151243 -1.680114 40.015324
601.000000 -16.304148 -1.498044 38.454575
602.000000 -16.520712 -1.284085 38.546032
603.000000 -16.401232 -1.619580 38.223946
604.000000 -16.304148 -1.498044 38.035824
605.000000 -16.282156 -1.517847 38.259907
606.000000 -16.304148 -1.498044 38.406296
607.000000 -16.282156 -1.133906 38.572430
608.000000 -16.304148 -1.498044 38.177444
609.000000 -16.477127 -1.518706 38.148872
610.000000 -16.304148 -1.498044 38.130951
611.000000 -16.282156 -1.327315 38.007328
612.000000 -16.151243 -1.680114 40.382710
613.000000 -16.304148 -1.291729 38.208134
614.000000 -16.226789 -1.145151 38.384197
615.000000 -16.151243 -1.680114 40.464527
616.000000 -16.494677 -1.130830 38.047348
617.000000 -16.879477 -0.541331 78.061554
618.000000 -17.094610 0.265467 80.088516
619.000000 -16.151243 -1.680114 40.012146
620.000000 -16.151243 -1.680114 40.507591
621.000000 -16.151243 -1.680114 40.130379
622.000000 -16.151243 -1.680114 40.347828
623.000000 -16.151243 -1.680114 40.082207
624.000000 -16.151243 -1.680114 40.075878
625.000000 -16.304148 -1.291729 38.358505
626.000000 -16.151243 -1.680114 40.518024
627.000000 -16.022705 -1.440990 40.596214
628.000000 -16.099426 -0.509003 38.077770
629.000000 -16.022669 -1.632684 40.210495
630.000000 -17.500351 3.244658 34.277466
631.000000 -17.326876 2.916332 36.066841
632.000000 -17.177959 2.588116 40.373798
633.000000 -17.231005 2.461573 38.202305
634.000000 -17.112431 2.165106 38.057312
635.000000 -17.112431 2.165106 38.483391
636.000000 -17.112431 2.165106 38.402119
637.000000 -17.112431 2.165106 38.577389
638.000000 -17.112431 2.165106 38.507717
639.000000 -17.112431 2.165106 38.087772
640.000000 -16.994228 1.678006 38.183884
641.000000 -17.112431 2.165106 38.117363
642.000000 -16.800894 1.683771 38.075115
643.000000 -16.458317 0.981975 38.530666
644.000000 -16.465158 0.227935 38.442631
645.000000 -17.016687 -0.231617 40.437145
646.000000 -17.764441 -0.932868 40.100204
647.000000 -16.465158 0.227935 38.190269
648.000000 -16.991756 -0.069979 38.226421
649.000000 -17.532873 -0.588197 40.389214
650.000000 -16.991756 -0.069979 38.566483
651.000000 -17.726135 -0.581328 40.001003
652.000000 -16.465158 0.227935 38.080936
653.000000 -17.172703 -0.072991 40.165874
654.000000 -17.729118 -0.556997 40.413578
655.000000 -16.465158 0.227935 38.292042
656.000000 -17.152824 0.092852 40.071774
657.000000 -17.701044 -0.225579 40.275913
658.000000 -16.465158 0.227935 38.294464
659.000000 -16.798075 -0.070585 38.207592
660.000000 -17.075937 -0.251006 40.203396
661.000000 -17.809027 -0.374692 40.450966
662.000000 -16.798075 -0.070585 38.574215
663.000000 -17.323145 -0.582494 40.150475
664.000000 -16.721889 -0.032143 38.534184
665.000000 -17.013237 -0.501415 80.177902
666.000000 -17.598709 -0.561358 80.321953
667.000000 -17.013237 -0.501415 80.380066
668.000000 -17.537283 -1.003926 80.125687
669.000000 -18.045317 -1.370089 80.452164
670.000000 -18.045317 -1.370089 80.054764
671.000000 -18.045317 -1.370089 80.202614
672.000000 -18.045317 -1.370089 80.378334
673.000000 -18.045317 -1.370089 80.413132
674.000000 -18.045317 -1.370089 80.446915
675.000000 -18.589960 -1.619187 80.350883
676.000000 -18.045317 -1.370089 80.240700
677.000000 -17.537283 -1.003926 80.282700
678.000000 -17.013237 -0.501415 80.127708
679.000000 -17.598709 -0.561358 80.396423
680.000000 -16.721889 -0.032143 38.523178
681.000000 -16.798075 -0.070585 38.450920
682.000000 -16.798075 -0.070585 38.390526
683.000000 -16.798075 -0.070585 38.409931
684.000000 -16.798075 -0.070585 38.572807
685.000000 -16.798075 -0.070585 38.142815
686.000000 -17.265997 -0.447436 40.100872
687.000000 -16.798075 -0.070585 38.062233
688.000000 -16.465158 0.227935 38.595947
689.000000 -16.458317 0.981975 38.062397
690.000000 -16.800894 1.683771 38.148293
691.000000 -16.267033 1.362038 38.496681
692.000000 -15.500264 1.217207 40.390377
693.000000 -14.880993 1.295340 40.324116
694.000000 -14.057770 1.605398 40.572422
695.000000 -13.032501 1.745708 40.446255
696.000000 -11.781543 1.646857 40.065598
697.000000 -14.057770 1.605398 40.230591
698.000000 -13.032500 1.594413 40.406170
699.000000 -16.267033 1.362038 38.482700
700.000000 -15.690702 0.843009 38.199863
701.000000 -15.086920 0.315631 38.581871
702.000000 -14.474047 -0.032391 38.014011
703.000000 -14.052116 -0.178122 38.286362
704.000000 -13.840154 -0.291009 38.272472
705.000000 -13.667753 -0.188383 38.042934
706.000000 -13.712975 -0.058590 38.503910
707.000000 -13.977316 -0.093130 38.543003
708.000000 -14.473571 -0.319881 38.559361
709.000000 -15.206021 -0.760047 38.599155
710.000000 -13.667753 -0.188383 38.139519
711.000000 -13.520139 0.134457 38.522049
712.000000 -13.186131 0.685879 38.375702
713.000000 -12.643974 1.460880 40.089821
714.000000 -13.667753 -0.188383 38.518059
715.000000 -13.520140 -0.250075 38.077797
716.000000 -13.380980 -0.310373 38.314564
717.000000 -13.438461 -0.380598 38.369858
718.000000 -13.322337 -0.650283 38.172241
719.000000 -13.206020 -0.939396 38.577541
720.000000 -13.271244 -1.436420 44.037758
721.000000 -13.157388 -2.155338 44.495449
722.000000 -13.041741 -2.719421 44.373348
723.000000 -13.041741 -2.719421 44.288040
724.000000 -13.041741 -2.719421 44.234585
725.000000 -13.041741 -2.719421 44.103786
726.000000 -13.041741 -2.719421 44.118553
727.000000 -13.041741 -2.719421 44.253376
728.000000 -12.914713 -3.485570 42.239014
729.000000 -13.041741 -2.719421 44.470860
730.000000 -13.157388 -2.155338 44.201500
731.000000 -13.271244 -1.436420 44.420536
732.000000 -13.157393 -1.965854 44.290638
733.000000 -12.848533 -2.700073 42.305607
734.000000 -12.702048 -3.461965 42.092571
735.000000 -12.848533 -2.700073 42.457382
736.000000 -13.157393 -1.965854 44.402767
737.000000 -13.271244 -1.436420 44.291565
738.000000 -13.157393 -1.965854 44.039612
739.000000 -13.236321 -2.512071 44.069214
740.000000 -13.324591 -2.876436 44.168003
741.000000 -13.236321 -2.512071 44.478863
742.000000 -13.129749 -3.070640 44.276150
743.000000 -13.157393 -1.965854 44.442406
744.000000 -13.041756 -2.705272 44.210976
745.000000 -12.912816 -3.662673 42.418728
746.000000 -13.167671 -0.901612 38.124813
747.000000 -13.271246 -1.054907 40.369339
748.000000 -13.543345 -1.346957 44.565418
749.000000 -13.853893 -1.835342 42.355331
750.000000 -14.381733 -2.353217 44.415497
751.000000 -14.381733 -2.353217 44.295914
752.000000 -14.381733 -2.353217 44.326931
753.000000 -14.381733 -2.353217 44.342999
754.000000 -14.381733 -2.353217 44.236595
755.000000 -14.381733 -2.353217 44.366024
756.000000 -13.271243 -0.981672 40.235252
757.000000 -13.206020 -0.939396 38.158566
758.000000 -13.322337 -0.650283 38.440166
759.000000 -13.438461 -0.380598 38.498379
760.000000 -13.380980 -0.310373 38.219620
761.000000 -13.520140 -0.250075 38.091259
762.000000 -13.667753 -0.188383 38.588188
763.000000 -13.840154 -0.291009 38.185337
764.000000 -14.052116 -0.178122 38.437912
765.000000 -14.474047 -0.032391 38.564884
766.000000 -15.086920 0.315631 38.562149
767.000000 -15.690702 0.843009 38.213821
768.000000 -14.893118 0.129758 38.343723
769.000000 -14.067894 -0.618782 38.355919
770.000000 -13.220173 -1.584114 44.371277
771.000000 -12.170496 -2.576906 42.221886
772.000000 -11.294179 -3.396899 42.080654
773.000000 -11.294179 -3.396899 42.328396
774.000000 -11.294179 -3.396899 42.089294
775.000000 -11.294179 -3.396899 42.308308
776.000000 -11.294179 -3.396899 42.068836
777.000000 -11.294179 -3.396899 42.259422
778.000000 -10.222363 -4.398923 44.104977
779.000000 -11.294179 -3.396899 42.161003
780.000000 -10.417359 -4.205349 44.045856
781.000000 -9.552777 -4.803377 44.492188
782.000000 -8.692342 -5.185145 44.106861
783.000000 -7.833298 -5.336194 42.242443
784.000000 -7.168534 -5.256759 42.048107
785.000000 -9.552777 -4.803377 44.442284
786.000000 -8.692341 -5.376571 44.063499
787.000000 -7.833303 -5.734954 42.500454
788.000000 -11.294179 -3.396899 42.283550
789.000000 -10.222363 -4.205509 44.083897
790.000000 -9.338410 -4.996505 44.446899
791.000000 -8.264169 -5.976716 44.027016
792.000000 -6.991786 -7.156396 44.580776
793.000000 -12.170496 -2.576906 42.093502
794.000000 -10.907749 -3.400740 42.527172
795.000000 -9.800138 -4.404835 44.361637
796.000000 -8.490987 -5.220721 44.181564
797.000000 -6.980485 -6.032522 44.193920
798.000000 -13.220173 -1.584114 44.146774
799.000000 -12.364984 -2.768393 42.070354
800.000000 -11.507300 -3.995878 42.006844
801.000000 -10.454462 -5.248995 44.554272
802.000000 -9.601841 -6.341336 44.590710
803.000000 -13.220173 -1.584114 44.400352
804.000000 -12.170496 -2.385190 42.533123
805.000000 -11.099748 -3.381675 42.174824
806.000000 -9.814692 -4.384658 44.062275
807.000000 -8.698727 -5.208824 44.543301
808.000000 -7.385812 -6.212743 44.183022
809.000000 -13.220173 -1.584114 44.297604
810.000000 -12.170497 -2.764372 42.526409
811.000000 -11.099746 -4.173667 44.050251
812.000000 -9.814691 -5.438266 64.297195
813.000000 -8.312658 -6.713106 64.591255
814.000000 -14.067894 -0.618782 38.312084
815.000000 -14.067894 -0.618782 38.093227
816.000000 -14.067894 -0.618782 38.354580
817.000000 -14.067894 -0.618782 38.593842
818.000000 -14.067894 -0.618782 38.208828
819.000000 -14.067894 -0.618782 38.258270
820.000000 -13.220173 -1.584114 44.113914
821.000000 -12.364990 -2.384292 42.323997
822.000000 -11.507302 -3.185925 42.484940
823.000000 -10.842695 -3.975097 42.462822
824.000000 -10.388760 -4.946561 44.446503
825.000000 -9.974647 -5.941784 44.480801
826.000000 -10.842696 -3.938258 42.324894
827.000000 -10.003172 -4.762497 44.020241
828.000000 -9.357607 -5.546345 64.386208
829.000000 -8.524068 -6.138097 64.360985
830.000000 -7.686100 -6.710525 64.094711
831.000000 -7.686100 -6.710525 64.341545
832.000000 -7.686100 -6.710525 64.406563
833.000000 -7.686100 -6.710525 64.226379
834.000000 -7.686100 -6.710525 64.248642
835.000000 -7.686100 -6.710525 64.204231
836.000000 -10.003172 -4.762497 44.263603
837.000000 -10.842695 -3.975097 42.191280
838.000000 -10.197894 -4.569280 44.422894
839.000000 -9.764888 -4.956240 44.073547
840.000000 -9.358600 -5.303459 64.214691
841.000000 -8.973118 -5.431709 64.303398
842.000000 -8.594708 -5.340786 64.534653
843.000000 -8.594708 -5.340786 64.566216
844.000000 -8.594708 -5.340786 64.196655
845.000000 -8.594708 -5.340786 64.503387
846.000000 -8.594708 -5.340786 64.257767
847.000000 -8.594708 -5.340786 64.377495
848.000000 -8.218684 -5.208337 62.189022
849.000000 -7.648766 -5.049962 62.110989
850.000000 -7.254976 -4.688998 62.079456
851.000000 -7.053776 -4.123288 62.373974
852.000000 -7.075692 -3.340829 62.062572
853.000000 -6.947954 -2.700558 62.105213
854.000000 -6.633109 -1.860967 66.397697
855.000000 -6.289593 -0.822011 68.125320
856.000000 -6.289593 -0.822011 68.028069
857.000000 -6.289593 -0.822011 68.571579
858.000000 -6.289593 -0.822011 68.338478
859.000000 -6.289593 -0.822011 68.316032
860.000000 -6.289593 -0.822011 68.181145
861.000000 -6.003840 0.171957 68.560112
862.000000 -6.289593 -0.822011 68.221573
863.000000 -6.633109 -1.860967 66.354881
864.000000 -6.947954 -2.700558 62.435169
865.000000 -6.633109 -1.860967 66.501831
866.000000 -6.098126 -1.203610 66.523796
867.000000 -5.715521 -0.739520 66.489525
868.000000 -6.098126 -1.203610 66.507889
869.000000 -6.633109 -1.860967 66.160477
870.000000 -6.947954 -2.700558 62.223278
871.000000 -6.633109 -1.860967 66.201988
872.000000 -6.483896 -0.820396 68.169250
873.000000 -6.741646 -0.154579 68.254417
874.000000 -7.604404 0.135704 68.552124
875.000000 -6.633109 -1.860967 66.024834
876.000000 -6.289596 -1.013071 66.468910
877.000000 -6.172565 -0.202828 68.434769
878.000000 -6.399711 0.471576 108.412094
879.000000 -6.663033 1.147146 108.113800
880.000000 -6.399711 0.471576 108.263809
881.000000 -6.852532 1.332721 108.204124
882.000000 -7.234458 1.839059 108.308235
883.000000 -7.234458 1.839059 108.442581
884.000000 -7.234458 1.839059 108.387276
885.000000 -7.234458 1.839059 108.144753
886.000000 -7.234458 1.839059 108.528923
887.000000 -7.234458 1.839059 108.418747
888.000000 -7.400279 1.700489 148.482742
889.000000 -7.542684 1.654130 146.141281
890.000000 -7.474676 1.794863 146.537384
891.000000 -7.474676 1.794863 146.302551
892.000000 -7.474676 1.794863 146.200470
893.000000 -7.474676 1.794863 146.182327
894.000000 -7.474676 1.794863 146.119247
895.000000 -7.474676 1.794863 146.369827
896.000000 -7.117819 2.233185 148.033661
897.000000 -7.474676 1.794863 146.188583
898.000000 -7.542684 1.654130 146.295120
899.000000 -7.400279 1.700489 148.426025
900.000000 -7.542684 1.461680 146.351120
901.000000 -7.474676 1.199810 146.426666
902.000000 -7.577107 0.918488 148.036026
903.000000 -7.474676 1.199810 146.563080
904.000000 -7.542684 1.461680 146.217285
905.000000 -7.400279 1.700489 148.094101
906.000000 -7.542684 1.848049 146.112137
907.000000 -7.668895 1.816209 146.067627
908.000000 -7.789715 1.976722 146.505707
909.000000 -7.709543 2.146999 148.125473
910.000000 -7.747443 2.582703 148.155701
911.000000 -7.709543 2.146999 148.060776
912.000000 -7.789715 1.976722 146.113373
913.000000 -8.102675 2.332590 148.526810
914.000000 -8.435108 2.530181 188.422607
915.000000 -8.786085 2.925167 186.439835
916.000000 -9.143357 3.521692 188.495590
917.000000 -9.143357 3.521692 188.336441
918.000000 -9.143357 3.521692 188.291138
919.000000 -9.143357 3.521692 188.216934
920.000000 -9.143357 3.521692 188.114822
921.000000 -9.143357 3.521692 188.262054
922.000000 -8.102675 2.332590 148.321640
923.000000 -7.789715 1.976722 146.284561
924.000000 -8.102674 2.143481 148.066849
925.000000 -8.240373 2.129996 148.180878
926.000000 -8.571939 2.296495 186.399185
927.000000 -8.715839 2.270648 186.308273
928.000000 -9.016895 2.254621 188.411011
929.000000 -8.715839 2.270648 186.555481
930.000000 -8.571939 2.296495 186.421631
931.000000 -8.240373 2.129996 148.477631
932.000000 -8.571939 2.296495 186.027191
933.000000 -8.910403 2.656538 186.540451
934.000000 -9.456800 2.858467 228.270599
935.000000 -10.028448 2.870746 228.109909
936.000000 -8.872220 2.731940 186.362015
937.000000 -9.068537 2.856069 188.078232
938.000000 -8.910403 2.656538 186.206024
939.000000 -8.571939 2.296495 186.593933
940.000000 -8.240373 2.129996 148.094345
941.000000 -8.571939 2.296495 186.136246
942.000000 -8.715474 2.656814 186.476089
943.000000 -8.661520 3.044765 188.171646
944.000000 -8.538305 3.301224 188.093506
945.000000 -8.661520 3.044765 188.237015
946.000000 -8.571939 2.296495 186.151871
947.000000 -8.910403 2.656538 186.469391
948.000000 -9.263472 3.049660 188.068893
949.000000 -9.426695 3.465721 188.283417
950.000000 -9.263472 3.049660 188.010590
951.000000 -9.621474 3.660030 188.478012
952.000000 -8.910403 2.656538 186.420456
953.000000 -9.263462 3.240404 188.218033
954.000000 -9.426692 4.053950 188.485107
955.000000 -8.910403 2.656538 186.448242
956.000000 -9.263469 2.855907 188.136200
957.000000 -9.622290 3.059317 188.240845
958.000000 -9.263469 2.855907 188.343170
959.000000 -9.815214 3.251500 188.189575
960.000000 -8.910403 2.656538 186.317383
961.000000 -9.068537 2.856069 188.305954
962.000000 -9.407428 3.253855 188.442657
963.000000 -9.068537 2.856069 188.175385
964.000000 -9.407428 2.870356 228.340149
965.000000 -9.951089 2.682569 226.346039
966.000000 -8.910403 2.656538 186.484314
967.000000 -9.068534 3.048537 188.019867
968.000000 -9.020543 3.650738 188.260284
969.000000 -8.910403 2.656538 186.540558
970.000000 -9.456800 3.234133 188.419785
971.000000 -8.240373 2.129996 148.483276
972.000000 -8.572135 2.103796 186.474747
973.000000 -9.104860 1.872069 188.348923
974.000000 -9.609611 1.773505 188.415009
975.000000 -9.609611 1.773505 188.420319
976.000000 -9.609611 1.773505 188.052643
977.000000 -9.609611 1.773505 188.226059
978.000000 -9.609611 1.773505 188.446442
979.000000 -9.609611 1.773505 188.003250
980.000000 -9.982292 1.461708 186.391693
981.000000 -9.609611 1.773505 188.361893
982.000000 -10.101047 1.630948 188.126923
983.000000 -10.484913 1.511105 228.441879
984.000000 -10.664332 1.394922 226.271683
985.000000 -11.016248 1.281123 228.578232
986.000000 -11.016248 1.281123 228.550507
987.000000 -11.016248 1.281123 228.339355
988.000000 -11.016248 1.281123 228.129395
989.000000 -11.016248 1.281123 228.016861
990.000000 -11.016248 1.281123 228.478760
991.000000 -11.568960 1.177079 228.490936
992.000000 -11.016248 1.281123 228.303467
993.000000 -10.664332 1.394922 226.424759
994.000000 -10.484913 1.511105 228.594070
995.000000 -11.052916 1.205592 228.157990
996.000000 -11.834979 0.889347 228.480911
997.000000 -10.101047 1.630948 188.279861
998.000000 -9.609611 1.773505 188.521164
999.000000 -9.988938 1.879502 186.382202
1000.000000 -10.589335 2.189318 188.530212
1001.000000 -9.104860 1.872069 188.284180
1002.000000 -9.429348 1.734934 188.348282
1003.000000 -9.676322 1.614265 186.553436
1004.000000 -9.429348 1.734934 188.147537
1005.000000 -9.586131 1.252213 186.480682
1006.000000 -9.429348 1.734934 188.344772
1007.000000 -9.516222 1.483787 186.142975
1008.000000 -9.429348 1.734934 188.149536
1009.000000 -9.424305 1.270490 186.284485
1010.000000 -9.104860 1.872069 188.009171
1011.000000 -9.737759 1.448009 188.413391
1012.000000 -8.102674 2.143481 148.205139
1013.000000 -8.240375 2.323429 188.381485
1014.000000 -8.184123 2.319762 186.108505
1015.000000 -7.904824 2.302977 188.486710
1016.000000 -7.754405 2.097883 188.292755
1017.000000 -7.311512 2.261357 186.327377
1018.000000 -7.827309 2.344079 188.215332
1019.000000 -7.690733 2.353003 188.206711
1020.000000 -8.184123 2.319762 186.092728
1021.000000 -8.290664 2.565338 186.095306
1022.000000 -8.585553 2.662204 186.088333
1023.000000 -9.102160 2.845243 188.393448
1024.000000 -9.851550 3.215692 188.171524
1025.000000 -8.240375 2.323429 188.495575
1026.000000 -8.571936 2.510195 186.059586
1027.000000 -9.102147 2.698232 188.144165
1028.000000 -9.667831 3.077061 188.363815
1029.000000 -8.571936 2.510195 186.559616
1030.000000 -9.102147 2.885576 188.047821
1031.000000 -9.667829 3.281386 188.521637
1032.000000 -8.571936 2.510195 186.363083
1033.000000 -9.092596 2.501903 188.051224
1034.000000 -9.380704 2.203302 228.323746
1035.000000 -9.855639 1.858716 228.078308
1036.000000 -10.336544 1.484252 268.063416
1037.000000 -10.832613 1.296395 268.088501
1038.000000 -11.139041 0.931585 268.479675
1039.000000 -11.236287 0.757341 308.480469
1040.000000 -11.490208 0.396993 306.178131
1041.000000 -11.541334 -0.163307 306.160248
1042.000000 -11.541334 -0.163307 306.501404
1043.000000 -11.541334 -0.163307 306.435974
1044.000000 -11.541334 -0.163307 306.394073
1045.000000 -11.541334 -0.163307 306.598724
1046.000000 -11.541334 -0.163307 306.285370
1047.000000 -11.125709 -0.716882 306.362274
1048.000000 -11.541334 -0.163307 306.340088
1049.000000 -11.490208 0.396993 306.037048
1050.000000 -11.236287 0.757341 308.548859
1051.000000 -11.490208 0.396993 306.026459
1052.000000 -11.541334 -0.163307 306.073029
1053.000000 -11.447686 -0.475825 306.514282
1054.000000 -11.541334 -0.163307 306.394592
1055.000000 -11.490208 0.396993 306.336212
1056.000000 -11.236287 0.757341 308.573608
1057.000000 -11.490208 0.396993 306.353851
1058.000000 -11.542807 0.028818 306.514008
1059.000000 -11.725271 -0.377565 306.195892
1060.000000 -11.369148 -0.358824 306.152588
1061.000000 -11.725271 -0.377565 306.280701
1062.000000 -11.457572 -0.330838 306.335419
1063.000000 -11.725271 -0.377565 306.224396
1064.000000 -11.612474 -0.482387 306.011505
1065.000000 -11.725271 -0.377565 306.392853
1066.000000 -11.312711 -0.428743 306.124298
1067.000000 -11.725271 -0.377565 306.239563
1068.000000 -11.224369 -0.360583 306.051910
1069.000000 -11.725271 -0.377565 306.544128
1070.000000 -11.705488 -0.429723 306.034393
1071.000000 -11.455097 -0.543657 306.378693
1072.000000 -11.705488 -0.429723 306.002441
1073.000000 -11.725271 -0.377565 306.372284
1074.000000 -11.542807 0.028818 306.356110
1075.000000 -11.780021 -0.159456 306.348999
1076.000000 -12.208207 -0.528255 306.013092
1077.000000 -12.476428 -1.096455 306.278809
1078.000000 -12.748412 -1.884138 306.055725
1079.000000 -12.814811 -2.523798 306.525604
1080.000000 -13.053322 -3.361915 308.278809
1081.000000 -12.748412 -1.884138 306.128540
1082.000000 -13.203391 -2.714187 308.545990
1083.000000 -11.782103 -0.083664 306.316620
1084.000000 -11.572392 -0.407999 306.067627
1085.000000 -11.782103 -0.083664 306.155060
1086.000000 -11.821222 -0.147383 306.313690
1087.000000 -11.656111 -0.111880 306.361725
1088.000000 -11.411402 0.095289 306.274780
1089.000000 -11.042871 0.422030 306.157196
1090.000000 -11.656111 -0.111880 306.572144
1091.000000 -11.606857 -0.094107 306.370270
1092.000000 -11.720037 0.094703 306.140198
1093.000000 -11.664723 0.301477 306.534912
1094.000000 -11.418899 0.716781 306.477325
1095.000000 -11.142979 1.156795 308.549072
1096.000000 -10.649765 1.427576 306.046082
1097.000000 -10.324606 1.879582 306.276520
1098.000000 -9.997149 2.334186 306.413788
1099.000000 -9.497513 3.005299 308.413177
1100.000000 -8.873579 3.778212 308.592285
1101.000000 -9.997149 2.334186 306.329315
1102.000000 -9.703773 3.018606 308.035919
1103.000000 -10.324606 1.879582 306.308960
1104.000000 -10.193837 2.524136 308.203339
1105.000000 -10.649765 1.427576 306.342346
1106.000000 -10.324609 1.686518 306.458435
1107.000000 -9.997149 1.735136 306.022522
1108.000000 -9.681355 1.951469 306.534271
1109.000000 -9.545737 1.959600 306.122009
1110.000000 -9.155022 1.889722 306.524139
1111.000000 -8.602262 1.745121 308.265442
1112.000000 -8.425645 1.662425 308.004425
1113.000000 -8.570473 1.453767 306.230377
1114.000000 -8.425645 1.662425 308.073578
1115.000000 -8.602262 1.745121 308.131531
1116.000000 -8.320362 1.174889 308.085144
1117.000000 -9.155022 1.889722 306.153900
1118.000000 -8.764943 1.766697 308.417328
1119.000000 -9.155022 1.889722 306.370270
1120.000000 -8.572169 1.585169 308.590424
1121.000000 -9.545737 1.959600 306.347351
1122.000000 -9.358416 1.710598 306.247986
1123.000000 -9.545737 1.959600 306.594330
1124.000000 -9.559472 1.706017 306.108429
1125.000000 -9.643092 2.027513 306.301086
1126.000000 -9.563272 2.356634 306.552124
1127.000000 -9.657405 2.789335 306.378815
1128.000000 -9.981160 3.243972 308.348358
1129.000000 -9.563272 2.356634 306.546661
1130.000000 -9.271970 2.984699 306.147186
1131.000000 -9.175128 3.842787 308.312286
1132.000000 -9.997149 1.735136 306.408081
1133.000000 -9.632156 1.783891 306.163513
1134.000000 -9.459619 1.781249 306.369843
1135.000000 -9.632156 1.783891 306.133881
1136.000000 -9.308580 1.551714 306.113373
1137.000000 -9.632156 1.783891 306.549469
1138.000000 -10.324609 1.686518 306.497040
1139.000000 -9.801840 1.734497 306.023773
1140.000000 -9.428255 1.987645 306.242371
1141.000000 -8.851200 2.067250 306.571869
1142.000000 -8.553934 1.958130 308.188507
1143.000000 -8.242175 1.467265 308.388641
1144.000000 -8.553934 1.958130 308.475220
1145.000000 -8.345318 1.578391 308.421448
1146.000000 -8.553934 1.958130 308.303772
1147.000000 -8.571264 1.599882 308.148834
1148.000000 -8.553934 1.958130 306.475800
1149.000000 -8.618065 1.758941 308.377319
1150.000000 -8.610568 1.637549 306.593475
1151.000000 -8.618065 1.758941 308.528870
1152.000000 -8.553934 1.958130 306.123260
1153.000000 -8.681832 1.839279 308.188690
1154.000000 -8.553934 1.958130 306.551727
1155.000000 -8.268344 1.828398 308.395111
1156.000000 -8.188595 1.685323 306.060272
1157.000000 -7.913693 1.559484 306.552704
1158.000000 -7.846576 1.229729 306.185272
1159.000000 -8.188595 1.685323 306.221558
1160.000000 -8.359905 1.500810 306.206970
1161.000000 -8.188595 1.685323 306.406067
1162.000000 -7.973092 1.306845 306.521545
1163.000000 -8.268344 1.828398 308.362732
1164.000000 -7.993702 1.491049 306.101135
1165.000000 -7.949550 1.289914 306.337646
1166.000000 -8.268344 1.828398 308.462860
1167.000000 -8.224814 1.456720 306.252533
1168.000000 -8.181762 1.912968 308.370789
1169.000000 -7.755762 1.727455 306.047363
1170.000000 -7.219091 1.438843 306.381317
1171.000000 -6.443116 1.157498 306.181305
1172.000000 -8.181762 1.912968 308.308685
1173.000000 -7.959892 1.718570 306.416809
1174.000000 -7.642962 1.616198 306.333679
1175.000000 -7.321219 1.324487 306.497589
1176.000000 -7.191801 1.207274 306.299988
1177.000000 -6.887186 0.897253 306.166016
1178.000000 -6.776458 0.582149 306.408447
1179.000000 -6.672844 0.250311 306.148773
1180.000000 -6.793576 0.109504 306.337036
1181.000000 -6.791647 -0.216416 306.586792
1182.000000 -6.672844 0.250311 306.053864
1183.000000 -6.388498 0.107250 306.588074
1184.000000 -6.287107 -0.212437 306.360535
1185.000000 -5.988830 -0.338393 306.515747
1186.000000 -5.881200 -0.650233 306.016937
1187.000000 -5.583573 -0.970502 306.463043
1188.000000 -5.280917 -1.495072 306.235992
1189.000000 -4.769496 -1.851903 306.465607
1190.000000 -4.429092 -2.017356 308.095306
1191.000000 -3.892394 -2.344655 308.557465
1192.000000 -4.769496 -1.851903 306.548859
1193.000000 -4.429092 -2.401637 308.360260
1194.000000 -4.693843 -1.778475 306.120270
1195.000000 -4.042860 -2.026201 308.339050
1196.000000 -5.583573 -0.970502 306.164032
1197.000000 -5.475466 -1.301687 306.230042
1198.000000 -5.101545 -1.601586 306.149628
1199.000000 -4.681945 -1.978158 306.071472
1200.000000 -4.153165 -2.124404 308.034119
1201.000000 -5.101545 -1.601586 306.364990
1202.000000 -5.069524 -1.977307 306.146027
1203.000000 -4.771728 -2.510281 308.509003
1204.000000 -4.275981 -2.869220 308.104584
1205.000000 -5.069524 -1.977307 306.166870
1206.000000 -4.966672 -2.316929 308.539795
1207.000000 -5.069337 -2.846141 306.593719
1208.000000 -5.101545 -1.601586 306.045441
1209.000000 -4.874977 -1.978169 306.004761
1210.000000 -4.557820 -2.317168 308.053406
1211.000000 -4.874977 -1.978169 306.206696
1212.000000 -4.752085 -2.316162 308.421265
1213.000000 -4.443958 -2.662189 308.514648
1214.000000 -4.752085 -2.316162 308.068054
1215.000000 -4.440201 -2.472137 308.212372
1216.000000 -4.752085 -2.316162 308.199829
1217.000000 -4.449508 -2.849652 308.232269
1218.000000 -5.101545 -1.601586 306.350586
1219.000000 -4.681945 -1.788641 306.045776
1220.000000 -4.347376 -1.727707 306.479919
1221.000000 -4.200647 -1.818955 306.426544
1222.000000 -4.275309 -1.903995 306.479675
1223.000000 -4.580816 -2.183526 308.321716
1224.000000 -4.933948 -2.492788 308.378387
1225.000000 -5.113240 -2.826312 306.042999
1226.000000 -5.485306 -2.964082 306.236450
1227.000000 -6.047650 -2.907530 306.071655
1228.000000 -6.834095 -2.635941 306.234344
1229.000000 -7.665265 -2.507448 306.055054
1230.000000 -8.327801 -2.373379 306.260040
1231.000000 -9.177954 -2.520870 306.176544
1232.000000 -7.665265 -2.507448 306.092682
1233.000000 -8.715557 -2.370309 306.127899
1234.000000 -6.047650 -2.907530 306.341003
1235.000000 -6.644353 -2.811972 306.067017
1236.000000 -7.264236 -2.497863 306.528320
1237.000000 -8.085625 -1.970072 308.255859
1238.000000 -8.929882 -1.567230 308.564819
1239.000000 -6.644353 -2.811972 306.548645
1240.000000 -7.457154 -2.880040 306.466370
1241.000000 -8.298310 -3.152826 306.045807
1242.000000 -9.353805 -3.457987 306.193024
1243.000000 -10.627251 -3.600773 306.112335
1244.000000 -12.132222 -3.734276 306.339294
1245.000000 -13.873257 -4.035209 308.426208
1246.000000 -7.457154 -2.880040 306.437378
1247.000000 -8.488533 -3.140563 306.110504
1248.000000 -9.351360 -3.430017 306.230713
1249.000000 -10.183990 -3.894591 306.098206
1250.000000 -11.007847 -4.579749 308.394501
1251.000000 -12.022257 -5.304846 308.571045
1252.000000 -8.488533 -3.140563 306.282593
1253.000000 -9.475292 -3.165262 306.269379
1254.000000 -10.542519 -2.864877 308.532104
1255.000000 -11.642630 -2.348319 308.012543
1256.000000 -12.569362 -1.981847 306.132324
1257.000000 -13.484682 -1.607702 306.434082
1258.000000 -14.188996 -1.433838 308.200623
1259.000000 -15.063545 -1.089950 308.293152
1260.000000 -12.569362 -1.981847 306.370453
1261.000000 -13.484681 -1.413733 306.305664
1262.000000 -14.188996 -0.838455 306.494202
1263.000000 -15.063546 -0.053718 306.355591
