0.000000 0.000000 0.000000 0.000000
1.000000 -0.038292 0.962128 0.477264
2.000000 -0.038292 1.156474 0.245919
3.000000 -0.232181 1.369234 0.373489
4.000000 -0.232181 1.369234 0.003751
5.000000 -0.446165 1.792360 -1.811975
6.000000 -0.872035 2.051316 0.291222
7.000000 -0.872035 2.240449 0.119959
8.000000 -2.389202 2.613773 4.089234
9.000000 -1.514998 2.645118 0.294129
10.000000 -2.200121 2.235439 2.325160
11.000000 -2.910833 2.162289 2.500329
12.000000 -3.630270 2.325117 8.156238
13.000000 -4.546445 2.533978 28.050409
14.000000 -5.483746 2.770942 32.568111
15.000000 -6.633238 2.829537 36.228031
16.000000 -7.999932 3.058338 36.027058
17.000000 -9.408825 3.480116 44.540257
18.000000 -9.039559 4.126372 44.041004
19.000000 -7.907087 4.569099 48.314495
20.000000 -6.533750 3.966508 52.002823
21.000000 -5.123404 3.250388 56.257938
22.000000 -3.493529 2.338053 54.420052
23.000000 -1.645021 1.212596 60.166576
24.000000 0.050526 0.038998 58.547489
25.000000 1.560727 -0.359478 60.004856
26.000000 1.560727 -0.359478 60.340343
27.000000 0.695144 0.501577 58.448189
28.000000 -0.561226 1.195759 58.272877
29.000000 -0.561225 1.386365 58.119503
30.000000 -3.699126 2.566706 58.052998
31.000000 -2.017421 2.263712 58.467545
32.000000 -3.509511 2.945509 58.262749
33.000000 -5.218152 3.798645 62.558304
34.000000 -6.955316 4.684013 72.554535
35.000000 -8.906866 3.932887 72.054604
36.000000 -9.109461 3.180626 70.030098
37.000000 -9.109461 3.180626 70.344131
38.000000 -7.746322 2.231601 96.525017
39.000000 -6.275794 1.070433 96.006310
40.000000 -4.976206 0.060374 96.235100
41.000000 -4.976206 0.060374 96.401871
42.000000 -3.493828 -0.956032 120.325417
43.000000 -2.282817 -1.960690 124.324844
44.000000 -3.275497 -2.736017 168.225784
45.000000 -4.023188 -2.177987 168.106567
46.000000 -4.757039 -1.810228 172.590759
47.000000 -5.667538 -1.660845 176.282074
48.000000 -6.592062 -1.559980 180.319702
49.000000 -7.726660 -1.481543 184.416321
50.000000 -8.887312 -1.221502 188.560486
51.000000 -9.708034 -0.483407 192.119675
52.000000 -9.616134 0.576046 196.197617
53.000000 -9.414137 1.865429 200.373245
54.000000 -9.200157 3.355832 202.554230
55.000000 -8.982180 4.687087 204.588898
56.000000 -8.956795 3.840816 202.593277
57.000000 -8.956795 3.840816 202.310181
58.000000 -8.951033 2.848574 204.231842
59.000000 -9.157020 1.651882 202.571976
60.000000 -8.768902 1.645931 208.187210
61.000000 -8.768877 0.609989 212.460388
62.000000 -8.576440 -0.428376 216.009460
63.000000 -8.572801 -1.261508 214.114273
64.000000 -8.574172 -2.265095 220.439575
65.000000 -8.589532 -2.309588 220.065048
66.000000 -8.414850 -1.484528 218.460449
67.000000 -8.414850 -1.484528 218.207855
68.000000 -8.223137 -0.408397 218.259811
69.000000 -8.206956 0.506891 218.134888
70.000000 -7.818478 0.883665 220.239456
71.000000 -7.389017 2.217148 226.563126
72.000000 -7.132418 3.770191 230.240341
73.000000 -7.079911 4.197443 230.064133
74.000000 -7.254323 3.014653 230.032852
75.000000 -7.254323 3.014653 230.057343
76.000000 -7.663260 1.894282 232.337906
77.000000 -8.309259 0.599680 230.548431
78.000000 -7.926897 0.974884 230.240356
79.000000 -9.060348 -1.383124 232.374054
80.000000 -8.004560 0.076121 230.279831
81.000000 -8.054016 -0.609569 230.163605
82.000000 -8.275185 -1.080310 230.214600
83.000000 -8.275185 -1.080310 230.453629
84.000000 -8.313842 -1.319516 230.515793
85.000000 -8.544240 -1.705299 230.020401
86.000000 -8.544247 -1.325690 230.176910
87.000000 -9.625711 -1.796580 234.199677
88.000000 -8.972541 -1.287762 230.534668
89.000000 -9.625706 -1.407098 234.400513
90.000000 -9.362212 -1.535905 234.533966
91.000000 -8.944890 -1.490925 234.395691
92.000000 -8.944890 -1.490925 234.146378
93.000000 -8.548670 -1.429062 234.059814
94.000000 -8.355382 -1.539212 234.392242
95.000000 -7.966968 -1.350452 234.545883
96.000000 -7.355108 -1.764126 234.478882
97.000000 -7.564267 -1.072231 234.374496
98.000000 -6.968051 -0.773288 236.554947
99.000000 -6.560297 -0.645974 240.134262
100.000000 -6.349291 -0.342647 238.270447
101.000000 -6.173066 -0.228128 238.305161
102.000000 -6.173066 -0.228128 238.488220
103.000000 -6.213064 -0.304289 238.252686
104.000000 -6.471684 -0.593951 238.295654
105.000000 -6.086941 -0.611906 238.549911
106.000000 -6.427246 -1.905600 238.179596
107.000000 -5.769344 -0.766895 244.152557
108.000000 -5.615573 -0.736652 244.327271
109.000000 -5.615573 -0.736652 244.599594
110.000000 -5.650464 -0.867761 242.328308
111.000000 -5.907174 -1.178184 242.188202
112.000000 -5.717230 -0.807125 242.037949
113.000000 -6.499821 -1.231363 242.389282
114.000000 -5.806407 -0.543773 242.299545
115.000000 -7.334546 -0.789584 262.224945
116.000000 -6.096832 -0.437115 242.374298
117.000000 -6.600680 -0.138889 242.109589
118.000000 -7.145352 0.358691 242.058823
119.000000 -7.145352 0.358691 242.503540
120.000000 -7.908013 0.701519 242.397308
121.000000 -8.889920 0.866501 242.232788
122.000000 -8.889921 1.049624 242.517883
123.000000 -11.553864 1.157899 244.033859
124.000000 -10.103790 1.571211 244.024338
125.000000 -12.865399 2.054260 244.042969
126.000000 -11.365276 2.299330 244.002808
127.000000 -11.500338 0.481140 244.056229
128.000000 -12.654019 2.512190 242.166351
129.000000 -11.258147 0.298272 244.544586
130.000000 -13.486165 1.870167 244.260437
131.000000 -12.579340 1.403982 244.328186
132.000000 -12.825743 0.411969 244.278854
133.000000 -11.519399 0.942952 242.043488
134.000000 -10.659566 0.688670 244.450500
135.000000 -10.000648 0.639326 244.256927
136.000000 -10.000648 0.639326 244.358688
137.000000 -9.567595 0.807028 242.504517
138.000000 -9.368712 0.834350 242.531006
139.000000 -8.985936 0.832944 242.312012
140.000000 -8.426664 0.310992 242.149033
141.000000 -8.411127 1.060733 242.158356
142.000000 -7.882777 0.613686 242.209290
143.000000 -7.631897 1.296301 244.179092
144.000000 -6.457825 0.291768 242.579178
145.000000 -6.638817 1.734381 242.323318
146.000000 -5.415819 2.191079 242.280045
147.000000 -4.147537 2.861809 242.458389
148.000000 -4.147537 2.861809 242.368652
149.000000 -2.850873 3.559211 252.528046
150.000000 -2.646472 4.088058 252.516769
151.000000 -3.437868 4.719361 296.020691
152.000000 -4.344153 4.187610 300.599457
153.000000 -5.448809 3.545866 298.507782
154.000000 -6.394509 2.881752 298.330048
155.000000 -6.394509 2.881752 298.012451
156.000000 -7.344182 2.398497 298.007446
157.000000 -8.476945 1.737044 298.303864
158.000000 -8.088367 2.116139 300.191742
159.000000 -10.112316 1.061480 300.574646
160.000000 -9.004695 1.678532 298.584717
161.000000 -13.006044 -0.707919 300.001221
162.000000 -9.725109 1.437545 298.526947
163.000000 -13.197669 -0.329478 300.198914
164.000000 -10.633258 1.397537 298.230957
165.000000 -11.771734 -0.284342 298.203949
166.000000 -11.546010 1.392313 298.104340
167.000000 -12.472628 1.411442 300.393890
168.000000 -12.658013 0.258364 298.567444
169.000000 -13.403948 1.632840 298.219116
170.000000 -13.486889 1.682516 298.335785
171.000000 -13.033012 1.927006 298.180450
172.000000 -13.522984 0.520170 300.551483
173.000000 -12.384701 1.984486 300.008881
174.000000 -11.730021 1.846952 298.527374
175.000000 -11.254644 1.489898 298.438538
176.000000 -11.254644 1.489898 298.204071
177.000000 -10.794211 1.083723 298.001434
178.000000 -10.544125 0.467317 298.041412
179.000000 -10.350907 0.652641 298.160980
180.000000 -10.076128 -0.711269 298.167847
181.000000 -9.718612 0.021250 298.470428
182.000000 -8.964740 -2.474892 298.103668
183.000000 -8.877352 -0.439819 298.005402
184.000000 -7.998730 -1.095285 298.370514
185.000000 -6.900468 -1.565314 298.376160
186.000000 -6.900468 -1.565314 298.248718
187.000000 -5.583540 -2.034872 300.562317
188.000000 -4.419560 -2.680988 306.224457
189.000000 -4.419560 -2.680988 306.361420
190.000000 -3.248351 -2.409587 306.426483
191.000000 -3.248351 -2.409587 306.407318
192.000000 -2.505812 -1.988660 306.153259
193.000000 -3.501847 -1.757210 312.431488
194.000000 -3.459856 -1.566200 312.408203
195.000000 -4.147058 -1.336287 310.529266
196.000000 -4.147058 -1.336287 310.299133
197.000000 -4.617908 -1.306051 310.463684
198.000000 -5.242608 -1.505645 310.523041
199.000000 -5.242608 -1.125617 310.360809
200.000000 -7.084042 -1.343806 310.497742
201.000000 -5.860364 -1.144282 310.245056
202.000000 -8.983597 -2.433747 310.311188
203.000000 -6.681835 -0.979903 310.338379
204.000000 -7.526986 -0.811839 330.304382
205.000000 -8.391996 -0.823382 330.512848
206.000000 -9.068944 -0.850315 330.402802
207.000000 -9.068944 -0.850315 330.041351
208.000000 -9.737319 -0.782605 330.141846
209.000000 -9.540646 -0.282658 330.580139
210.000000 -9.540646 -0.282658 330.045837
211.000000 -9.827289 0.097551 330.024048
212.000000 -9.377496 0.382538 330.596008
213.000000 -10.204293 1.229141 330.194275
214.000000 -9.042269 0.857440 330.230072
215.000000 -9.702174 0.660684 330.457489
216.000000 -8.890602 1.519480 330.106934
217.000000 -8.742020 2.377540 332.198486
218.000000 -8.411909 3.457635 330.534576
219.000000 -8.411909 3.457635 330.205444
220.000000 -8.067636 4.736746 330.354370
221.000000 -7.899905 3.808446 330.217072
222.000000 -7.899906 3.776644 330.491760
223.000000 -8.202281 1.474548 330.489288
224.000000 -7.937436 2.907511 330.464111
225.000000 -9.438375 -0.831462 330.215729
226.000000 -7.818581 2.046150 330.419495
227.000000 -9.427390 -2.318784 372.150482
228.000000 -7.898936 0.998914 330.232910
229.000000 -7.793359 -0.071797 330.230469
230.000000 -7.683969 -1.350594 330.284637
231.000000 -7.683969 -1.350594 330.399536
232.000000 -7.366253 -2.686343 336.154968
233.000000 -7.025303 -1.759241 334.321655
234.000000 -6.663371 -0.905235 334.331818
235.000000 -6.663371 -0.905235 334.462799
236.000000 -6.294471 -0.061118 334.203064
237.000000 -6.117204 0.579656 334.120453
238.000000 -5.923243 0.962238 334.350403
239.000000 -5.777731 2.469805 334.198364
240.000000 -5.356567 1.998177 336.093597
241.000000 -4.791222 3.974656 336.015381
242.000000 -4.771031 3.244522 336.194519
243.000000 -4.431580 2.421138 334.266785
244.000000 -4.166040 4.707216 334.049622
245.000000 -4.307436 -2.342968 342.599091
246.000000 -3.748661 3.754051 336.382172
247.000000 -3.154370 2.729479 334.102905
248.000000 -2.753470 1.698656 336.539764
249.000000 -2.753470 1.698656 336.318146
250.000000 -2.359295 0.662721 340.280884
251.000000 -2.172995 -0.182971 340.417053
252.000000 -2.501880 -0.859805 342.197479
253.000000 -3.465345 -0.914628 342.261566
254.000000 -4.522634 -0.713964 342.375916
255.000000 -4.522634 -0.713964 342.271942
256.000000 -5.799757 -0.480028 342.239349
257.000000 -7.296785 -0.408232 342.523987
258.000000 -7.106676 -0.414800 342.107239
259.000000 -10.126929 -0.421793 342.341705
260.000000 -8.435362 -0.362518 342.208374
261.000000 -13.681217 -0.565323 342.132843
262.000000 -9.576626 -0.325896 342.088593
263.000000 -12.395450 -0.642345 342.386719
264.000000 -10.896231 -0.100466 342.162506
265.000000 -10.930447 -0.409202 342.312347
266.000000 -12.217065 0.333098 342.072662
267.000000 -13.550698 0.804909 342.306213
268.000000 -11.994660 -0.330902 342.092407
269.000000 -13.096189 1.493100 342.092468
270.000000 -12.353585 2.209251 342.524109
271.000000 -11.803957 2.472826 344.028442
272.000000 -11.803957 2.472826 344.393982
273.000000 -11.093369 1.768101 342.583740
274.000000 -10.580720 0.877854 342.302094
275.000000 -10.192697 1.068187 342.576141
276.000000 -8.908977 -0.944423 342.433594
277.000000 -9.456417 0.165136 342.535889
278.000000 -8.490685 -2.088719 342.474854
279.000000 -8.521609 -0.954906 342.288849
280.000000 -7.386329 -2.292863 342.037201
281.000000 -6.216998 -2.155290 348.067200
282.000000 -5.217438 -1.106671 346.177185
283.000000 -4.034685 0.191116 346.524506
284.000000 -4.034685 0.191116 346.374969
285.000000 -2.655791 1.329997 350.014832
286.000000 -1.438807 2.475376 350.099976
287.000000 -0.217482 2.094735 350.005554
288.000000 -0.217482 2.094735 350.048431
289.000000 0.799337 1.445440 350.357178
290.000000 1.601621 0.651057 350.470215
291.000000 1.579315 1.031816 352.014038
292.000000 -0.374660 -0.282159 350.301025
293.000000 0.765088 0.837487 350.179901
294.000000 -2.426799 -0.743882 350.375183
295.000000 0.094974 0.687717 350.406891
296.000000 -4.566846 -1.786714 350.051453
297.000000 -0.745938 0.567656 350.281525
298.000000 -1.598876 0.648421 352.243561
299.000000 -2.273078 0.558842 350.262726
300.000000 -2.273078 0.558842 350.593719
301.000000 -3.128578 0.280835 350.570007
302.000000 -4.178383 -0.210930 350.287720
303.000000 -4.178383 0.159712 350.228607
304.000000 -6.958798 -0.649026 354.291626
305.000000 -5.262088 0.226614 354.221771
306.000000 -6.368839 0.325460 354.191040
307.000000 -6.368839 0.325460 354.032227
308.000000 -7.288597 0.638517 354.086365
309.000000 -8.386842 0.786276 354.215179
310.000000 -8.000016 1.158705 354.198761
311.000000 -9.923431 1.723670 354.393585
312.000000 -8.674324 1.719948 354.155212
313.000000 -11.835563 2.313180 354.515594
314.000000 -9.129067 2.497823 356.291595
315.000000 -9.556744 3.109861 354.369293
316.000000 -9.621849 3.724856 354.270020
317.000000 -9.621849 3.724856 354.429504
318.000000 -9.460136 4.139588 394.382477
319.000000 -9.315957 4.337399 394.347107
320.000000 -9.382897 4.687550 394.419067
321.000000 -9.382897 4.687550 394.319824
322.000000 -9.281716 4.469697 394.528198
323.000000 -9.376459 4.111946 394.436707
324.000000 -9.181921 4.494071 394.421906
325.000000 -9.553639 4.068019 394.073975
326.000000 -9.070035 4.367119 394.116028
327.000000 -9.633276 2.805860 394.508728
