5900 0 -1.038292 0.768568
5900 0 -0.843612 0.807790
5900 0 -1.232182 0.773255
5875 0 -0.553835 0.828105
5875 0 -1.194620 1.000000
5875 0 -1.038292 1.000000
5600 5 -8.910606 -0.678709
5575 5 -9.433875 -1.949629
5600 5 -8.757030 -1.087086
5600 5 -8.757030 -1.049403
5575 5 -9.855642 -2.234841
5575 5 -10.088944 -2.234556
5550 5 -10.523212 -2.491957
5550 5 -10.929695 -2.502950
5550 5 -10.737100 -2.641814
5525 5 -10.932667 -1.358993
5325 10 -14.017568 -0.893987
5325 10 -13.667315 -1.124429
5325 10 -13.979263 -1.163424
5300 10 -13.941567 -1.246162
5300 10 -13.712203 -1.236878
5350 10 -13.286861 -1.123759
5300 10 -14.541334 -1.997612
5275 10 -14.596864 -2.109389
5225 11 -15.153731 -0.884804
5175 11 -16.843945 -0.391449
5175 11 -16.920395 -0.315974
5175 12 -17.035217 -0.199403
5150 11 -17.748213 0.529001
5150 11 -17.955622 -0.103744
5150 11 -17.748217 0.338067
5100 17 -20.003164 0.693990
5100 12 -19.555803 1.414282
5125 12 -19.185810 0.768668
5125 12 -19.185804 -0.091974
5100 17 -20.732714 0.432837
5075 17 -22.594379 0.446791
5075 17 -22.594374 0.293759
5075 17 -22.901779 0.453888
5025 17 -25.815390 0.296476
5025 17 -25.658699 0.296599
5025 17 -25.697035 0.721172
5000 17 -28.155050 0.322701
5000 17 -26.921434 0.946360
5000 17 -27.484928 0.256548
4975 17 -30.234108 -0.244954
4975 17 -30.272148 -0.478020
4950 17 -31.958866 -0.695636
4975 17 -29.833185 -0.726567
5050 17 -24.237997 0.434683
4650 18 -49.322666 -2.563543
4650 18 -49.322681 -1.876487
4675 18 -48.120155 -0.780260
4650 18 -49.479313 -2.641368
4625 18 -50.221886 -1.683948
5050 17 -24.238001 0.244145
4675 24 -44.897583 -2.705889
4675 24 -44.821381 -2.597680
4625 24 -47.521801 -2.052169
4350 25 -50.040501 -0.045411
4350 25 -50.040501 -0.045411
4325 25 -49.672718 0.587295
4325 25 -50.830826 0.545319
4325 25 -50.461632 0.571430
4300 25 -50.861427 0.994099
4300 25 -51.457264 0.699348
4300 25 -49.760334 -0.227559
4150 30 -50.906460 3.008551
4150 30 -50.715427 2.670427
4175 30 -50.201069 2.211173
4150 30 -50.482307 2.289101
4175 30 -50.238678 1.830648
4125 30 -50.919666 3.053394
4175 30 -50.238674 2.056658
4125 30 -51.727615 3.710821
4125 30 -50.532608 3.128004
4050 30 -51.091400 3.548161
3850 32 -45.989067 3.797743
3850 32 -46.183540 3.952512
3775 32 -43.541050 3.988930
3775 32 -43.077114 3.987766
3775 32 -43.503334 4.142489
3825 32 -45.149895 4.585798
3750 32 -42.329540 4.194710
3825 31 -45.149895 4.585798
3750 32 -42.814198 3.754883
3750 32 -43.258327 3.530198
