5950 6 -1.000000 1.000000 -1.000000 1.000000 0.000000 0.000000 0.443600 
5925 5 -1.000000 0.000000 -1.000000 0.961708 -0.368109 -0.000000 0.538620 
5950 7 -1.000000 1.000000 -1.000000 1.000000 0.000000 0.000000 0.551650 
5925 4 0.000000 0.000000 -0.961708 0.962128 -0.362468 0.368276 0.597040 
5950 5 -1.000000 1.000000 -1.000000 1.000000 0.000000 0.000000 0.384000 
5925 5 -1.000000 0.000000 -1.038293 0.962128 -0.362409 -0.368265 0.514470 
5950 7 -1.000000 1.000000 -1.000000 1.000000 0.000000 0.000000 0.422790 
5925 2 0.000000 0.000000 -0.961708 0.962128 -0.362468 0.368276 0.493070 
5900 1 0.000000 0.000000 -0.805379 0.846083 -0.359913 0.736447 -1.445460 
5950 0 -1.000000 1.000000 -1.000000 1.000000 0.000000 0.000000 0.560830 
5925 4 -1.000000 1.000000 -1.000000 1.000000 0.000000 0.000000 0.579800 
5900 0 -1.000000 1.000000 -1.038292 1.000000 0.000000 -0.368109 0.479320 
5950 0 -1.000000 1.000000 -1.000000 1.000000 0.000000 0.000000 0.414160 
5925 0 -1.000000 1.000000 -1.000000 1.000000 0.000000 0.000000 0.573410 
5900 4 -1.000000 1.000000 -1.000000 1.000000 0.000000 0.000000 0.502300 
5950 6 -1.000000 1.000000 -1.000000 1.000000 0.000000 0.000000 0.454800 
5925 3 -1.000000 0.000000 -1.000000 0.961708 -0.368109 -0.000000 0.519850 
5900 2 -1.000000 0.000000 -1.038292 0.843526 -0.364107 -0.368624 0.582070 
5875 6 -1.000000 0.000000 -1.194620 0.823066 0.235947 -0.733769 0.558030 
5850 5 -1.000000 0.000000 -1.408030 0.919091 0.320041 -0.863468 0.511080 
5825 3 -1.000000 0.000000 -1.678893 0.929227 -0.252721 -1.263120 0.462260 
5800 2 -2.000000 0.000000 -2.111656 0.829076 -0.327956 -2.004900 0.532240 
5775 5 -2.000000 0.000000 -2.720304 0.814538 0.224654 -2.505766 0.582640 
5750 4 -3.000000 0.000000 -3.443872 0.912203 0.307333 -3.049346 0.582200 
5725 7 -4.000000 0.000000 -4.348261 0.961951 0.133149 -3.848409 0.494920 
5700 6 -5.000000 0.000000 -5.396817 0.940872 -0.313603 -3.962040 5.525070 
5675 7 -6.000000 0.000000 -6.406019 0.753642 -1.081974 -3.709244 5.594090 
5650 2 -7.000000 0.000000 -7.346467 0.353206 -1.914425 -3.271077 5.561810 
5625 2 -8.000000 0.000000 -8.158791 -0.199454 -2.043462 -2.903612 5.567360 
5675 7 -6.000000 0.000000 -6.406019 0.753642 -1.081974 -3.709244 5.594090 
5650 7 -7.000000 0.000000 -7.346467 0.353206 -1.914425 -3.271077 5.576390 
5625 4 -8.000000 0.000000 -8.121297 -0.270721 -2.876189 -2.438747 5.527390 
5600 2 -8.000000 -1.000000 -8.757030 -1.087086 -3.354704 -2.335886 5.555210 
5650 7 -7.000000 0.000000 -7.346467 0.353206 -1.914425 -3.271077 5.576390 
5625 4 -8.000000 0.000000 -8.121297 -0.270721 -2.876189 -2.438747 5.588300 
5675 7 -6.000000 0.000000 -6.406019 0.753642 -1.081974 -3.709244 5.594090 
5650 7 -7.000000 0.000000 -7.346467 0.353206 -1.914425 -3.271077 5.582740 
5625 3 -8.000000 0.000000 -8.121297 -0.270721 -2.876189 -2.438747 5.539070 
5675 7 -6.000000 0.000000 -6.406019 0.753642 -1.081974 -3.709244 5.594090 
5650 5 -7.000000 0.000000 -7.346467 0.353206 -1.914425 -3.271077 5.460010 
5625 7 -8.000000 0.000000 -8.196994 -0.274504 -2.883745 -3.197104 5.587210 
5600 6 -9.000000 -1.000000 -9.067125 -1.136917 -3.869542 -3.023990 5.434520 
5650 5 -7.000000 0.000000 -7.346467 0.353206 -1.914425 -3.271077 5.460010 
5625 6 -8.000000 0.000000 -8.196994 -0.274504 -2.883745 -3.197104 5.543590 
5600 5 -9.000000 -1.000000 -9.105470 -1.136652 -3.873127 -3.405968 5.587010 
5675 7 -6.000000 0.000000 -6.406019 0.753642 -1.081974 -3.709244 5.594090 
5650 6 -7.000000 0.000000 -7.346467 0.353206 -1.914425 -3.271077 5.580580 
5650 6 -7.000000 0.000000 -7.346467 0.353206 -1.914425 -3.271077 5.580580 
5625 6 -8.000000 0.000000 -8.158791 -0.273499 -2.889163 -2.815875 5.542930 
5600 3 -8.000000 -1.000000 -8.910606 -1.134828 -3.833299 -2.646158 5.544420 
5575 8 -9.000000 -2.000000 -9.680385 -2.158674 -3.863178 -3.095088 5.598460 
5650 6 -7.000000 0.000000 -7.346467 0.353206 -1.914425 -3.271077 5.580580 
5625 3 -8.000000 0.000000 -8.158791 -0.273499 -2.889163 -2.815875 5.545150 
5600 4 -8.000000 -1.000000 -8.948966 -1.060193 -2.988002 -3.100073 5.517710 
5575 1 -9.000000 -1.000000 -9.874763 -1.814445 -2.743995 -3.842517 5.539080 
5650 6 -7.000000 0.000000 -7.346467 0.353206 -1.914425 -3.271077 5.580580 
5625 4 -8.000000 0.000000 -8.158791 -0.273499 -2.889163 -2.815875 5.540760 
5600 0 -8.000000 -1.000000 -8.948963 -1.097876 -3.402676 -3.068124 5.586410 
5575 8 -9.000000 -2.000000 -9.837070 -2.006171 -3.482872 -3.483742 5.495330 
5650 6 -7.000000 0.000000 -7.346467 0.353206 -1.914425 -3.271077 5.580580 
5625 6 -8.000000 0.000000 -8.158791 -0.273499 -2.889163 -2.815875 5.572560 
5600 6 -8.000000 -1.000000 -8.910606 -1.134828 -3.833299 -2.646158 5.588550 
5575 1 -9.000000 -2.000000 -9.642063 -2.233493 -4.637486 -2.711429 5.592870 
5550 5 -10.000000 -2.000000 -10.328402 -2.253324 4.629400 -1.808775 5.569190 
5625 6 -8.000000 0.000000 -8.158791 -0.273499 -2.889163 -2.815875 5.572560 
5600 2 -8.000000 -1.000000 -8.910606 -1.134828 -3.833299 -2.646158 5.557380 
5575 8 -9.000000 -2.000000 -9.642057 -2.158695 -3.857632 -2.719759 5.549500 
5550 8 -10.000000 -2.000000 -10.328395 -2.492196 2.745137 -2.280824 5.570590 
5525 6 -10.000000 -1.000000 -10.856890 -1.781519 3.735205 -1.181349 5.532080 
5500 0 -11.000000 -1.000000 -11.210844 -1.099263 3.054491 -0.986981 5.531480 
5475 2 -11.000000 0.000000 -11.488400 -0.531120 2.015060 -1.072013 5.509190 
5450 0 -11.000000 0.000000 -11.740219 0.019426 2.560969 -0.643420 5.474260 
5425 5 -11.000000 0.000000 -11.983394 0.669396 3.274685 -0.558704 5.543830 
5400 6 -12.000000 1.000000 -12.261960 1.332106 2.558478 -1.295459 5.552300 
5375 5 -12.000000 1.000000 -12.657603 1.858095 1.576269 -1.697747 5.565580 
5350 8 -13.000000 2.000000 -13.148141 2.180805 0.687339 -2.180273 5.585130 
5325 8 -13.000000 2.000000 -13.737289 2.316535 0.301488 -2.141547 5.444230 
5300 0 -14.000000 2.000000 -14.233518 2.371189 0.200389 -1.594044 5.511810 
5675 7 -6.000000 0.000000 -6.406019 0.753642 -1.081974 -3.709244 5.594090 
5650 1 -7.000000 0.000000 -7.346467 0.353206 -1.914425 -3.271077 5.594460 
5625 2 -8.000000 0.000000 -8.121297 -0.198884 -2.054911 -2.533613 5.429720 
5600 0 -8.000000 0.000000 -8.719010 -0.679467 -1.476095 -2.156277 5.588250 
5575 8 -9.000000 -1.000000 -9.239439 -1.014492 -1.217830 -1.927412 5.567680 
5550 4 -9.000000 -1.000000 -9.695598 -1.282946 -1.027599 -1.441552 5.531140 
5525 2 -10.000000 -1.000000 -10.063328 -1.529238 -0.893051 -1.464876 5.540330 
5500 0 -10.000000 -1.000000 -10.489511 -1.729900 -0.540209 -1.708756 5.555820 
5475 1 -10.000000 -1.000000 -10.952667 -1.810220 -0.158003 -1.767503 5.583150 
5450 4 -11.000000 -1.000000 -11.389929 -1.794963 0.347565 -1.452255 10.489780 
5425 5 -11.000000 -1.000000 -11.751511 -1.644215 0.706009 -1.457921 10.570880 
5400 1 -12.000000 -1.000000 -12.213752 -1.467861 0.537165 -2.048828 10.526120 
5375 4 -12.000000 -1.000000 -12.793548 -1.348082 0.614875 -2.208897 10.553530 
5350 2 -13.000000 -1.000000 -13.363174 -1.160020 0.766930 -2.367424 10.502900 
5400 1 -12.000000 -1.000000 -12.213752 -1.467861 0.537165 -2.048828 10.526120 
5375 7 -12.000000 -1.000000 -12.793548 -1.348082 0.614875 -2.208897 10.504870 
5350 4 -13.000000 -1.000000 -13.286863 -1.198057 0.417623 -1.584265 10.554080 
5400 1 -12.000000 -1.000000 -12.213752 -1.467861 0.537165 -2.048828 10.526120 
5375 5 -12.000000 -1.000000 -12.793548 -1.348082 0.614875 -2.208897 10.457180 
5350 7 -13.000000 -1.000000 -13.363173 -1.198189 0.393586 -2.372201 10.555450 
5400 1 -12.000000 -1.000000 -12.213752 -1.467861 0.537165 -2.048828 10.526120 
5375 7 -12.000000 -1.000000 -12.793548 -1.348082 0.614875 -2.208897 10.554040 
5350 6 -13.000000 -1.000000 -13.286863 -1.198057 0.417623 -1.584265 10.543140 
5325 3 -13.000000 -1.000000 -13.629186 -1.161210 -0.189934 -1.115427 10.590620 
5375 7 -12.000000 -1.000000 -12.793548 -1.348082 0.614875 -2.208897 10.554040 
5350 7 -13.000000 -1.000000 -13.286863 -1.198057 0.417623 -1.584265 10.301550 
5325 2 -13.000000 -1.000000 -13.591859 -1.159039 -0.168012 -0.755941 10.556780 
5400 1 -12.000000 -1.000000 -12.213752 -1.467861 0.537165 -2.048828 10.526120 
5375 0 -12.000000 -1.000000 -12.793548 -1.348082 0.614875 -2.208897 10.560510 
5425 5 -11.000000 -1.000000 -11.751511 -1.644215 0.706009 -1.457921 10.570880 
5400 7 -12.000000 -1.000000 -12.213752 -1.467861 0.537165 -2.048828 10.584160 
5375 0 -12.000000 -1.000000 -12.793552 -1.423679 -0.133843 -2.195041 10.474400 
5350 4 -13.000000 -1.000000 -13.324823 -1.545565 -0.732109 -2.002591 10.596320 
5325 5 -13.000000 -1.000000 -13.860816 -1.740976 -0.916119 -2.211529 10.593130 
5400 7 -12.000000 -1.000000 -12.213752 -1.467861 0.537165 -2.048828 10.584160 
5375 2 -12.000000 -1.000000 -12.793552 -1.423679 -0.133843 -2.195041 10.506940 
5350 6 -13.000000 -1.000000 -13.324823 -1.507636 -0.347414 -1.989229 10.531120 
5325 7 -13.000000 -1.000000 -13.822474 -1.585275 -0.491141 -1.840124 10.464940 
5300 2 -14.000000 -1.000000 -14.270555 -1.785952 -1.098327 -1.436288 10.577970 
5375 2 -12.000000 -1.000000 -12.793552 -1.423679 -0.133843 -2.195041 10.506940 
5350 0 -13.000000 -1.000000 -13.324823 -1.507636 -0.347414 -1.989229 10.585730 
5325 0 -13.000000 -1.000000 -13.822471 -1.508975 0.305245 -1.837798 10.560980 
5300 8 -14.000000 -1.000000 -14.308818 -1.360616 0.742365 -1.850198 11.564170 
5275 7 -14.000000 -1.000000 -14.753086 -1.144529 0.852852 -1.449593 11.545630 
5250 6 -15.000000 0.000000 -15.040515 -0.942939 0.578356 -0.705089 11.574490 
5325 0 -13.000000 -1.000000 -13.822471 -1.508975 0.305245 -1.837798 10.560980 
5300 8 -14.000000 -1.000000 -14.308818 -1.360616 0.742365 -1.850198 11.462660 
5275 4 -14.000000 -1.000000 -14.753086 -1.144529 0.852852 -1.449593 11.579880 
5250 4 -15.000000 0.000000 -15.116293 -0.905888 0.952323 -1.429163 11.466800 
5225 6 -15.000000 0.000000 -15.578350 -0.659651 0.976289 -2.063542 11.582570 
5200 7 -16.000000 0.000000 -16.195478 -0.448615 0.495387 -2.646461 11.555330 
5250 4 -15.000000 0.000000 -15.116293 -0.905888 0.952323 -1.429163 11.466800 
5225 6 -15.000000 0.000000 -15.578350 -0.659651 0.976289 -2.063542 11.573520 
5200 3 -16.000000 0.000000 -16.195478 -0.448615 0.495387 -2.646461 11.561640 
5250 4 -15.000000 0.000000 -15.116293 -0.905888 0.952323 -1.429163 11.466800 
5225 4 -15.000000 0.000000 -15.578350 -0.659651 0.976289 -2.063542 11.534170 
5200 7 -16.000000 0.000000 -16.232771 -0.410927 0.854084 -3.055102 12.551910 
5250 4 -15.000000 0.000000 -15.116293 -0.905888 0.952323 -1.429163 11.466800 
5225 2 -15.000000 0.000000 -15.578350 -0.659651 0.976289 -2.063542 11.543670 
5200 4 -16.000000 0.000000 -16.195478 -0.373211 1.242883 -2.632349 11.570390 
5175 1 -16.000000 0.000000 -16.920395 0.030781 1.531695 -3.160451 12.580270 
5250 4 -15.000000 0.000000 -15.116293 -0.905888 0.952323 -1.429163 11.466800 
5225 4 -15.000000 0.000000 -15.578350 -0.659651 0.976289 -2.063542 11.557900 
5200 6 -16.000000 0.000000 -16.232771 -0.410927 0.854084 -3.055102 12.500410 
5175 8 -17.000000 0.000000 -17.073200 -0.198883 0.297645 -3.671992 12.493940 
5250 4 -15.000000 0.000000 -15.116293 -0.905888 0.952323 -1.429163 11.466800 
5225 2 -15.000000 0.000000 -15.578350 -0.659651 0.976289 -2.063542 11.526070 
5200 5 -16.000000 0.000000 -16.195478 -0.373211 1.242883 -2.632349 11.539690 
5175 1 -16.000000 0.000000 -16.920399 -0.006687 1.154256 -3.174649 12.544710 
5250 4 -15.000000 0.000000 -15.116293 -0.905888 0.952323 -1.429163 11.466800 
5225 4 -15.000000 0.000000 -15.578350 -0.659651 0.976289 -2.063542 11.587580 
5200 3 -16.000000 0.000000 -16.232771 -0.410927 0.854084 -3.055102 12.529000 
5175 8 -17.000000 0.000000 -17.110229 -0.125230 1.011592 -4.071815 12.558290 
5150 5 -18.000000 0.000000 -18.146046 0.274273 1.509569 -4.032619 12.527730 
5125 8 -19.000000 0.000000 -19.185810 0.692539 1.398151 -4.052470 17.546619 
5175 8 -17.000000 0.000000 -17.110229 -0.125230 1.011592 -4.071815 12.558290 
5150 3 -18.000000 0.000000 -18.146046 0.274273 1.509569 -4.032619 12.557860 
5125 3 -19.000000 0.000000 -19.185810 0.768668 2.141294 -4.052093 12.508450 
5175 8 -17.000000 0.000000 -17.110229 -0.125230 1.011592 -4.071815 12.558290 
5150 3 -18.000000 0.000000 -18.146046 0.274273 1.509569 -4.032619 12.532750 
5225 4 -15.000000 0.000000 -15.578350 -0.659651 0.976289 -2.063542 11.587580 
5200 5 -16.000000 0.000000 -16.232771 -0.410927 0.854084 -3.055102 12.527040 
5175 8 -17.000000 0.000000 -17.110235 -0.197538 0.261792 -4.113642 12.598200 
5150 5 -18.000000 0.000000 -18.146044 -0.097406 0.021837 -4.012304 12.544360 
5225 4 -15.000000 0.000000 -15.578350 -0.659651 0.976289 -2.063542 11.587580 
5200 4 -16.000000 0.000000 -16.232771 -0.410927 0.854084 -3.055102 12.568940 
5175 4 -17.000000 0.000000 -17.110237 -0.161382 0.638983 -4.090652 12.584040 
5150 7 -18.000000 0.000000 -18.220928 0.088437 0.698959 -4.850120 12.493100 
5125 2 -19.000000 0.000000 -19.493427 0.300359 0.549967 -4.811673 17.597410 
5175 4 -17.000000 0.000000 -17.110237 -0.161382 0.638983 -4.090652 12.584040 
5150 5 -18.000000 0.000000 -18.220928 0.088437 0.698959 -4.850120 12.515900 
5125 8 -19.000000 0.000000 -19.568243 0.302345 0.557182 -5.605717 17.494520 
5100 4 -21.000000 0.000000 -21.078527 0.402982 0.269088 -5.661499 17.527700 
5150 5 -18.000000 0.000000 -18.220928 0.088437 0.698959 -4.850120 12.515900 
5125 7 -19.000000 0.000000 -19.568243 0.302345 0.557182 -5.605717 17.372561 
5100 3 -21.000000 0.000000 -21.078527 0.365719 -0.098248 -5.660632 17.533560 
5150 5 -18.000000 0.000000 -18.220928 0.088437 0.698959 -4.850120 12.515900 
5125 4 -19.000000 0.000000 -19.568243 0.302345 0.557182 -5.605717 17.577921 
5100 8 -21.000000 0.000000 -21.153330 0.405331 0.321187 -6.423582 17.570700 
5150 5 -18.000000 0.000000 -18.220928 0.088437 0.698959 -4.850120 12.515900 
5125 8 -19.000000 0.000000 -19.568243 0.302345 0.557182 -5.605717 17.567591 
5100 4 -21.000000 0.000000 -21.078527 0.402982 0.269088 -5.661499 17.560110 
5075 6 -22.000000 0.000000 -22.594379 0.446791 0.064477 -5.873780 17.427710 
5050 8 -24.000000 0.000000 -24.200256 0.433597 -0.291449 -6.175662 17.575109 
5100 4 -21.000000 0.000000 -21.078527 0.402982 0.269088 -5.661499 17.560110 
5075 7 -22.000000 0.000000 -22.594379 0.446791 0.064477 -5.873780 17.576321 
5050 0 -24.000000 0.000000 -24.161963 0.433422 -0.291590 -5.826900 17.491409 
5100 4 -21.000000 0.000000 -21.078527 0.402982 0.269088 -5.661499 17.560110 
5075 1 -22.000000 0.000000 -22.594379 0.446791 0.064477 -5.873780 17.590090 
5050 3 -24.000000 0.000000 -24.161961 0.509723 0.412915 -5.823079 17.566740 
5100 4 -21.000000 0.000000 -21.078527 0.402982 0.269088 -5.661499 17.560110 
5075 4 -22.000000 0.000000 -22.594379 0.446791 0.064477 -5.873780 17.590361 
5050 5 -24.000000 0.000000 -24.237995 0.471683 0.066616 -6.521821 17.469240 
5025 4 -26.000000 0.000000 -26.083433 0.454020 -0.362040 -7.413250 17.575090 
5100 4 -21.000000 0.000000 -21.078527 0.402982 0.269088 -5.661499 17.560110 
5075 1 -22.000000 0.000000 -22.594379 0.446791 0.064477 -5.873780 17.548651 
5050 8 -24.000000 0.000000 -24.161961 0.509723 0.412915 -5.823079 17.554529 
5025 2 -25.000000 0.000000 -25.620855 0.682618 0.768434 -5.202041 17.575830 
5100 4 -21.000000 0.000000 -21.078527 0.402982 0.269088 -5.661499 17.560110 
5075 6 -22.000000 0.000000 -22.594379 0.446791 0.064477 -5.873780 17.505020 
5050 2 -24.000000 0.000000 -24.200256 0.433597 -0.291449 -6.175662 17.537180 
5025 7 -25.000000 0.000000 -25.853743 0.334541 -0.305692 -6.240450 17.498051 
5100 4 -21.000000 0.000000 -21.078527 0.402982 0.269088 -5.661499 17.560110 
5075 5 -22.000000 0.000000 -22.594379 0.446791 0.064477 -5.873780 17.546350 
5050 4 -24.000000 0.000000 -24.237997 0.434683 -0.279047 -6.522624 17.498631 
5025 6 -26.000000 0.000000 -26.083439 0.303551 -0.770891 -7.414928 17.556890 
5000 2 -28.000000 0.000000 -28.118046 0.078491 -1.550088 -8.280962 17.526930 
5075 5 -22.000000 0.000000 -22.594379 0.446791 0.064477 -5.873780 17.546350 
5050 5 -24.000000 0.000000 -24.237997 0.434683 -0.279047 -6.522624 17.405479 
5025 0 -26.000000 0.000000 -26.083439 0.267910 -1.141743 -7.420629 17.584610 
5000 4 -28.000000 0.000000 -28.118046 -0.067234 -1.991536 -8.220568 17.595579 
5075 5 -22.000000 0.000000 -22.594379 0.446791 0.064477 -5.873780 17.546350 
5050 6 -24.000000 0.000000 -24.237997 0.434683 -0.279047 -6.522624 17.529631 
5025 3 -26.000000 0.000000 -26.046219 0.265282 -1.137339 -7.027381 17.546049 
5000 7 -27.000000 0.000000 -27.965492 -0.040580 -1.512362 -7.704328 17.421789 
4975 2 -29.000000 0.000000 -29.988758 -0.343867 -1.500014 -7.713312 17.571581 
5050 6 -24.000000 0.000000 -24.237997 0.434683 -0.279047 -6.522624 17.529631 
5025 6 -26.000000 0.000000 -26.046219 0.265282 -1.137339 -7.027381 17.469460 
5000 6 -27.000000 0.000000 -27.927414 -0.115786 -2.288892 -7.297501 17.527710 
5075 5 -22.000000 0.000000 -22.594379 0.446791 0.064477 -5.873780 17.546350 
5125 8 -19.000000 0.000000 -19.568243 0.302345 0.557182 -5.605717 17.567591 
5100 5 -21.000000 0.000000 -21.078527 0.402982 0.269088 -5.661499 17.569651 
5075 5 -22.000000 0.000000 -22.594379 0.408841 -0.292932 -5.877317 17.583639 
5050 8 -24.000000 0.000000 -24.238001 0.244145 -0.955337 -6.520004 17.550381 
5025 5 -26.000000 0.000000 -26.008160 -0.095719 -1.667450 -6.633988 17.552120 
5000 2 -27.000000 0.000000 -27.771219 -0.551449 -2.289161 -6.822594 17.552910 
4975 4 -29.000000 -1.000000 -29.620077 -1.111804 -2.178926 -7.121368 17.595591 
4950 3 -31.000000 -1.000000 -31.553299 -1.619983 -1.747718 -7.592285 17.547890 
4925 3 -33.000000 -2.000000 -33.657261 -2.057527 -1.203820 -8.348930 17.581190 
4900 3 -35.000000 -2.000000 -35.932243 -2.400284 -7.921339 -4.245385 17.423281 
4875 1 -37.000000 -1.000000 -37.266163 -1.637030 5.604381 -5.373363 17.388130 
4850 0 -38.000000 0.000000 -38.761082 -0.036666 9.597187 -4.310074 17.598440 
4825 8 -40.000000 1.000000 -40.222507 1.761682 8.141089 -4.727318 17.485451 
4800 2 -41.000000 3.000000 -41.617153 3.644481 7.735984 -4.890930 17.576771 
4775 4 -42.000000 4.000000 -42.884319 4.209962 -7.596035 -3.560416 18.570950 
4750 6 -44.000000 2.000000 -44.129562 2.968712 -4.091718 -9.201459 18.581530 
4725 7 -45.000000 1.000000 -45.472824 1.749067 -4.660539 -5.593408 18.594290 
4700 2 -46.000000 0.000000 -46.828018 0.394330 -8.798731 -7.334383 18.401171 
4675 5 -48.000000 -1.000000 -48.081886 -1.087789 -8.615771 -6.984491 18.545450 
4750 6 -44.000000 2.000000 -44.129562 2.968712 -4.091718 -9.201459 18.581530 
4725 1 -45.000000 1.000000 -45.472824 1.749067 -4.660539 -5.593408 18.325741 
4700 0 -46.000000 0.000000 -46.828030 0.469789 -8.182286 -7.050501 18.567369 
4675 3 -48.000000 0.000000 -48.081890 -0.742330 -8.988367 -5.616658 18.580250 
4725 1 -45.000000 1.000000 -45.472824 1.749067 -4.660539 -5.593408 18.325741 
4700 5 -46.000000 0.000000 -46.828030 0.469789 -8.182286 -7.050501 18.535990 
4750 6 -44.000000 2.000000 -44.129562 2.968712 -4.091718 -9.201459 18.581530 
4725 7 -45.000000 1.000000 -45.472824 1.749067 -4.660539 -5.593408 18.537609 
4700 5 -46.000000 0.000000 -46.828018 0.394330 -8.798731 -7.334383 18.593670 
4675 6 -48.000000 -1.000000 -48.120140 -1.163081 -9.348488 -7.536342 18.553520 
4725 7 -45.000000 1.000000 -45.472824 1.749067 -4.660539 -5.593408 18.537609 
4725 7 -45.000000 1.000000 -45.472824 1.749067 -4.660539 -5.593408 18.537609 
4725 7 -45.000000 1.000000 -45.472824 1.749067 -4.660539 -5.593408 18.537609 
4700 8 -46.000000 0.000000 -46.828018 0.394330 -8.798731 -7.334383 72.302933 
4675 4 -48.000000 -1.000000 -48.044209 -1.124188 -8.685311 -6.818609 72.583191 
4650 8 -49.000000 -2.000000 -49.130138 -2.714378 -5.968980 -6.045410 72.499321 
4725 7 -45.000000 1.000000 -45.472824 1.749067 -4.660539 -5.593408 18.537609 
5100 5 -21.000000 0.000000 -21.078527 0.402982 0.269088 -5.661499 17.569651 
5075 5 -22.000000 0.000000 -22.594379 0.408841 -0.292932 -5.877317 68.595390 
5125 8 -19.000000 0.000000 -19.568243 0.302345 0.557182 -5.605717 17.567591 
5100 6 -21.000000 0.000000 -21.078527 0.402982 0.269088 -5.661499 68.297722 
5075 1 -22.000000 0.000000 -22.556007 0.408772 -0.303855 -5.527965 68.519020 
5050 5 -23.000000 0.000000 -23.966938 0.315958 -0.243989 -5.219747 68.475166 
5025 7 -25.000000 0.000000 -25.288683 0.239037 -0.331941 -5.161009 68.586601 
5000 3 -26.000000 0.000000 -26.630283 0.042241 -1.094161 -4.895201 68.594780 
4975 7 -27.000000 0.000000 -27.928659 -0.277720 -1.250696 -5.048115 68.572441 
4950 3 -29.000000 0.000000 -29.262415 -0.589941 -1.316743 -4.980337 68.445709 
4925 3 -30.000000 0.000000 -30.558165 -0.948959 -1.217721 -4.988571 68.558746 
4900 4 -31.000000 -1.000000 -31.967178 -1.200246 -0.641684 -5.610066 68.589256 
4875 8 -33.000000 -1.000000 -33.573277 -1.299133 -0.136157 -6.438203 68.480614 
4850 8 -35.000000 -1.000000 -35.328979 -1.329798 0.034676 -6.673562 88.583679 
4825 8 -37.000000 -1.000000 -37.009209 -1.336775 -0.022419 -6.031311 92.472313 
4800 6 -38.000000 -1.000000 -38.504730 -1.335981 0.100480 -5.322641 96.548599 
4775 6 -39.000000 -1.000000 -39.816795 -1.370131 -0.170727 -5.123200 96.474716 
4750 4 -41.000000 -1.000000 -41.049381 -1.558049 -0.909744 -4.810200 96.586418 
4725 8 -42.000000 -1.000000 -42.293526 -1.919025 -1.551211 -4.864724 96.478630 
4700 5 -43.000000 -2.000000 -43.608582 -2.355239 -1.736799 -5.070606 96.518127 
4750 4 -41.000000 -1.000000 -41.049381 -1.558049 -0.909744 -4.810200 96.586418 
4725 7 -42.000000 -1.000000 -42.293526 -1.919025 -1.551211 -4.864724 96.564018 
4700 7 -43.000000 -2.000000 -43.608574 -2.393161 -2.120921 -5.079996 96.500214 
4750 4 -41.000000 -1.000000 -41.049381 -1.558049 -0.909744 -4.810200 96.586418 
4725 7 -42.000000 -1.000000 -42.293526 -1.919025 -1.551211 -4.864724 96.362244 
4700 5 -43.000000 -2.000000 -43.608574 -2.393161 -2.120921 -5.079996 96.554352 
4675 8 -44.000000 -2.000000 -44.897572 -2.596953 1.217319 -5.121180 96.555099 
4650 4 -46.000000 -2.000000 -46.227726 -2.285264 1.259182 -4.843855 96.580421 
4725 7 -42.000000 -1.000000 -42.293526 -1.919025 -1.551211 -4.864724 96.362244 
4700 5 -43.000000 -2.000000 -43.608574 -2.393161 -2.120921 -5.079996 96.592041 
4675 5 -44.000000 -2.000000 -44.897572 -2.596953 1.217319 -5.121180 96.558189 
4650 1 -46.000000 -2.000000 -46.303841 -2.319522 0.654959 -5.601917 96.510483 
4625 0 -47.000000 -2.000000 -47.833157 -2.194314 0.725686 -5.687987 96.570290 
4600 7 -49.000000 -2.000000 -49.315842 -2.034396 0.708354 -5.503506 96.524788 
4575 8 -50.000000 -1.000000 -50.727314 -1.883363 0.245854 -5.063140 96.415497 
4550 0 -51.000000 -1.000000 -51.972363 -1.837450 -0.146800 -4.322786 96.573486 
4525 2 -53.000000 -1.000000 -53.040043 -1.843301 -0.197131 -3.857467 96.595413 
4500 3 -54.000000 -1.000000 -54.030334 -1.828825 0.379338 -3.714047 96.593102 
4475 3 -55.000000 -1.000000 -55.032875 -1.665322 1.132468 -3.956689 96.597641 
4450 2 -56.000000 -1.000000 -56.182453 -1.298087 1.662025 -4.734014 96.547447 
4425 7 -57.000000 0.000000 -57.503002 -0.709599 2.944789 -5.553703 96.591911 
4400 0 -58.000000 0.000000 -58.860344 0.037764 3.473679 -4.891927 96.566322 
4375 2 -60.000000 0.000000 -60.124668 0.751912 2.588242 -4.633565 96.539650 
4750 4 -41.000000 -1.000000 -41.049381 -1.558049 -0.909744 -4.810200 96.586418 
4725 8 -42.000000 -1.000000 -42.293526 -1.919025 -1.551211 -4.864724 96.543823 
4700 6 -43.000000 -2.000000 -43.608582 -2.355239 -1.736799 -5.070606 96.576973 
4675 1 -44.000000 -2.000000 -44.859261 -2.705972 1.295797 -4.841531 96.386429 
4650 7 -46.000000 -2.000000 -46.032776 -2.368574 1.607027 -4.125087 96.400513 
4625 6 -47.000000 -2.000000 -47.037907 -2.011488 1.687901 -3.527730 96.430519 
4600 1 -47.000000 -1.000000 -47.864998 -1.769916 0.706113 -3.235005 96.590897 
4575 8 -48.000000 -1.000000 -48.576439 -1.650688 0.341731 -2.620536 96.585831 
4550 6 -49.000000 -1.000000 -49.106812 -1.486973 0.700184 -1.603661 96.598228 
4525 8 -49.000000 -1.000000 -49.454937 -1.329266 0.421770 -1.109138 96.571068 
4500 2 -49.000000 -1.000000 -49.685966 -1.277292 0.060506 -0.581209 96.398590 
4475 3 -49.000000 -1.000000 -49.772820 -1.239606 0.363164 -0.162139 96.598221 
4450 0 -49.000000 -1.000000 -49.832062 -1.064640 1.069129 -0.399552 100.537086 
4425 7 -49.000000 0.000000 -49.987404 -0.723611 1.487176 -0.701712 100.477188 
4400 7 -50.000000 0.000000 -50.154045 -0.346918 1.452395 -0.439668 100.556320 
4375 6 -50.000000 0.000000 -50.181473 -0.097811 0.668605 0.260117 100.432137 
4425 7 -49.000000 0.000000 -49.987404 -0.723611 1.487176 -0.701712 100.477188 
4400 7 -50.000000 0.000000 -50.154045 -0.346918 1.452395 -0.439668 100.527344 
4375 6 -50.000000 0.000000 -50.181473 -0.097811 0.668605 0.260117 100.397087 
4425 7 -49.000000 0.000000 -49.987404 -0.723611 1.487176 -0.701712 100.477188 
4400 8 -50.000000 0.000000 -50.154045 -0.346918 1.452395 -0.439668 100.375954 
4375 1 -50.000000 0.000000 -50.181469 -0.061416 1.057419 0.269561 100.474052 
4350 4 -50.000000 0.000000 -50.003319 0.213792 1.215827 1.113656 120.545883 
4425 7 -49.000000 0.000000 -49.987404 -0.723611 1.487176 -0.701712 100.477188 
4400 4 -50.000000 0.000000 -50.154045 -0.346918 1.452395 -0.439668 100.470467 
4375 3 -50.000000 0.000000 -50.257404 -0.062629 1.033050 -0.477963 100.429207 
4350 6 -50.000000 0.000000 -50.465588 0.210738 1.201976 -1.102820 100.445007 
4425 7 -49.000000 0.000000 -49.987404 -0.723611 1.487176 -0.701712 100.477188 
4400 2 -50.000000 0.000000 -50.154045 -0.346918 1.452395 -0.439668 100.461731 
4375 5 -50.000000 0.000000 -50.219131 -0.024337 1.453801 -0.094029 100.498680 
4350 5 -50.000000 0.000000 -50.271076 0.329681 1.206186 -0.374960 100.515991 
4425 7 -49.000000 0.000000 -49.987404 -0.723611 1.487176 -0.701712 100.477188 
4400 3 -50.000000 0.000000 -50.154045 -0.346918 1.452395 -0.439668 100.514931 
4375 6 -50.000000 0.000000 -50.257408 -0.024476 1.447289 -0.473069 100.558693 
4350 2 -50.000000 0.000000 -50.427738 0.329004 1.202830 -0.738045 100.473473 
4325 6 -50.000000 0.000000 -50.637878 0.643217 1.370662 -0.800545 100.551582 
4400 3 -50.000000 0.000000 -50.154045 -0.346918 1.452395 -0.439668 100.514931 
4375 5 -50.000000 0.000000 -50.257408 -0.024476 1.447289 -0.473069 100.589767 
4350 5 -50.000000 0.000000 -50.465599 0.329260 1.209307 -1.104739 100.532463 
4325 2 -50.000000 0.000000 -50.868099 0.572603 0.549013 -1.934469 100.412430 
4400 3 -50.000000 0.000000 -50.154045 -0.346918 1.452395 -0.439668 100.514931 
4375 6 -50.000000 0.000000 -50.257408 -0.024476 1.447289 -0.473069 100.574730 
4350 7 -50.000000 0.000000 -50.427738 0.329004 1.202830 -0.738045 100.562119 
4325 4 -50.000000 0.000000 -50.599537 0.567509 0.614403 -0.445570 100.586304 
4300 1 -50.000000 0.000000 -50.704784 0.647115 0.141432 -0.490054 100.549538 
4275 8 -50.000000 0.000000 -50.837547 0.693676 0.363903 -0.373021 100.561813 
4250 3 -50.000000 0.000000 -50.853527 0.832780 0.659785 0.283056 100.549187 
4225 2 -50.000000 1.000000 -50.746628 1.057559 1.405005 0.450278 100.599571 
4200 1 -50.000000 1.000000 -50.686424 1.453269 2.342434 0.220400 100.447533 
4175 8 -50.000000 2.000000 -50.620880 2.064389 2.871925 0.398933 100.512680 
4150 4 -50.000000 2.000000 -50.410622 2.865300 3.222476 1.160321 100.587593 
4125 7 -50.000000 3.000000 -50.068203 3.746801 3.574213 1.195513 100.598351 
4100 5 -49.000000 4.000000 -49.730930 4.618048 3.169200 1.348832 100.557289 
4075 5 -49.000000 4.000000 -49.345512 4.256094 -3.393497 1.088767 100.559677 
4050 4 -49.000000 3.000000 -49.069992 3.443732 -5.211599 -0.009317 100.531967 
4425 7 -49.000000 0.000000 -49.987404 -0.723611 1.487176 -0.701712 100.477188 
4400 1 -50.000000 0.000000 -50.154045 -0.346918 1.452395 -0.439668 100.592148 
4375 3 -50.000000 0.000000 -50.181473 -0.024469 1.461769 0.280939 100.489479 
4350 7 -50.000000 0.000000 -50.078564 0.403529 1.951788 0.378884 100.513588 
4325 8 -49.000000 0.000000 -49.981453 0.195126 -1.573645 0.482190 100.584282 
4400 1 -50.000000 0.000000 -50.154045 -0.346918 1.452395 -0.439668 100.592148 
4375 5 -50.000000 0.000000 -50.181473 -0.024469 1.461769 0.280939 100.595444 
4350 2 -50.000000 0.000000 -50.078571 0.327781 1.204506 0.361801 100.582649 
4325 1 -50.000000 0.000000 -50.019802 0.414431 -0.676427 0.146578 100.456383 
4300 1 -49.000000 0.000000 -49.954830 0.318360 -0.038911 0.441831 100.593719 
4275 2 -49.000000 0.000000 -49.744854 0.414306 0.768080 1.135153 120.592880 
4250 6 -49.000000 0.000000 -49.364571 0.727706 1.856928 1.674496 120.582932 
4225 3 -49.000000 1.000000 -49.466835 1.202031 1.736449 -1.156067 120.549660 
4200 3 -49.000000 1.000000 -49.779114 1.681500 2.025880 -1.839580 120.558029 
4175 5 -50.000000 2.000000 -50.238674 2.284566 2.666581 -2.183491 120.512657 
4225 3 -49.000000 1.000000 -49.466835 1.202031 1.736449 -1.156067 120.549660 
4200 6 -49.000000 1.000000 -49.779114 1.681500 2.025880 -1.839580 120.467941 
4175 4 -50.000000 2.000000 -50.201069 2.211173 1.976270 -1.817115 120.565887 
4225 3 -49.000000 1.000000 -49.466835 1.202031 1.736449 -1.156067 120.549660 
4200 6 -49.000000 1.000000 -49.779114 1.681500 2.025880 -1.839580 120.545143 
4250 6 -49.000000 0.000000 -49.364571 0.727706 1.856928 1.674496 120.582932 
4225 5 -49.000000 1.000000 -49.466835 1.202031 1.736449 -1.156067 120.574371 
4200 1 -49.000000 1.000000 -49.779110 1.605775 1.343948 -1.835633 120.468948 
4175 2 -50.000000 1.000000 -50.162815 1.902891 1.356269 -1.442732 120.577087 
4225 5 -49.000000 1.000000 -49.466835 1.202031 1.736449 -1.156067 120.574371 
4200 5 -49.000000 1.000000 -49.779110 1.605775 1.343948 -1.835633 120.597450 
4250 6 -49.000000 0.000000 -49.364571 0.727706 1.856928 1.674496 120.582932 
4225 4 -49.000000 1.000000 -49.466835 1.202031 1.736449 -1.156067 120.587379 
4200 8 -49.000000 1.000000 -49.779110 1.643469 1.683792 -1.839633 120.512962 
4175 3 -50.000000 2.000000 -50.162807 2.056403 1.658667 -1.446850 120.589142 
4150 8 -50.000000 2.000000 -50.520641 2.497862 1.846828 -1.536782 120.458054 
4225 4 -49.000000 1.000000 -49.466835 1.202031 1.736449 -1.156067 120.587379 
4200 0 -49.000000 1.000000 -49.779110 1.643469 1.683792 -1.839633 120.393509 
4250 6 -49.000000 0.000000 -49.364571 0.727706 1.856928 1.674496 120.582932 
4225 3 -49.000000 1.000000 -49.466835 1.202031 1.736449 -1.156067 120.475616 
4200 4 -49.000000 1.000000 -49.779114 1.681500 2.025880 -1.839580 120.513603 
4175 3 -50.000000 2.000000 -50.238689 2.248216 2.333859 -2.180028 120.446671 
4150 1 -50.000000 2.000000 -50.906475 2.896522 2.677105 -3.376670 120.579102 
4225 3 -49.000000 1.000000 -49.466835 1.202031 1.736449 -1.156067 120.475616 
4200 7 -49.000000 1.000000 -49.779114 1.681500 2.025880 -1.839580 120.481720 
4175 8 -50.000000 2.000000 -50.162811 2.211302 1.963472 -1.449786 120.466438 
4150 1 -50.000000 2.000000 -50.444427 2.671247 1.628119 -0.735928 120.584183 
4225 3 -49.000000 1.000000 -49.466835 1.202031 1.736449 -1.156067 120.475616 
4200 4 -49.000000 1.000000 -49.779114 1.681500 2.025880 -1.839580 120.575089 
4175 1 -50.000000 2.000000 -50.238689 2.248216 2.333859 -2.180028 120.512962 
4150 7 -50.000000 2.000000 -50.831268 2.898853 2.695076 -2.463036 120.569679 
4125 2 -51.000000 3.000000 -51.342644 3.644501 2.788645 -2.098908 120.593887 
4100 2 -51.000000 4.000000 -51.704773 4.373423 2.938811 -1.309381 120.596771 
4075 6 -51.000000 4.000000 -51.999210 4.488980 -2.475808 -1.280274 120.530693 
4050 3 -52.000000 4.000000 -52.270851 4.029999 -2.923198 -1.069090 120.590332 
4025 5 -52.000000 3.000000 -52.573124 3.562827 -2.321732 -1.343978 120.568130 
4000 0 -53.000000 3.000000 -53.028488 3.141948 -1.707895 -2.078361 120.588638 
3975 7 -53.000000 2.000000 -53.656822 2.651207 -2.419608 -2.483027 120.589111 
3950 2 -54.000000 2.000000 -54.322639 2.081243 -3.325017 -2.139492 120.556190 
3925 2 -54.000000 1.000000 -54.895672 1.418858 -2.722565 -1.907900 120.551453 
3900 1 -55.000000 0.000000 -55.420158 0.850988 -1.858144 -1.916306 120.574860 
3875 3 -55.000000 0.000000 -55.890087 0.473069 -1.222078 -1.460507 120.560204 
4250 6 -49.000000 0.000000 -49.364571 0.727706 1.856928 1.674496 120.582932 
4225 5 -49.000000 1.000000 -49.466835 1.202031 1.736449 -1.156067 120.542229 
4200 1 -49.000000 1.000000 -49.779110 1.605775 1.343948 -1.835633 120.496834 
4175 6 -50.000000 1.000000 -50.162815 1.902891 1.356269 -1.442732 120.596420 
4150 8 -50.000000 2.000000 -50.482300 2.213173 1.002268 -1.139122 120.578049 
4125 3 -50.000000 2.000000 -50.724693 2.440290 0.772820 -0.772721 120.594383 
4100 1 -50.000000 2.000000 -50.874390 2.660864 1.081226 -0.677449 120.544090 
4075 8 -51.000000 3.000000 -51.042751 3.021451 1.768470 -0.441093 120.397171 
4150 8 -50.000000 2.000000 -50.482300 2.213173 1.002268 -1.139122 120.578049 
4125 0 -50.000000 2.000000 -50.724693 2.440290 0.772820 -0.772721 120.452858 
4100 2 -50.000000 2.000000 -50.798729 2.623121 0.674057 0.080781 120.580177 
4075 6 -50.000000 2.000000 -50.694740 2.828842 1.035478 0.688490 120.561783 
4050 7 -50.000000 3.000000 -50.513145 3.108602 0.970501 0.924687 120.581596 
4025 8 -50.000000 3.000000 -50.267178 3.288246 0.319377 1.257677 120.593246 
4000 2 -49.000000 3.000000 -49.857018 3.316503 -0.062953 1.905643 120.566658 
3975 6 -49.000000 3.000000 -49.270226 3.315106 0.240443 2.455635 120.564049 
3950 2 -48.000000 3.000000 -48.606312 3.369701 0.092379 2.596835 124.456512 
3925 4 -47.000000 3.000000 -47.916428 3.393408 0.230791 2.609816 124.583649 
3900 8 -47.000000 3.000000 -47.256115 3.494711 0.562397 2.299888 128.555389 
3875 8 -46.000000 3.000000 -46.672718 3.638993 0.601327 2.292763 128.567429 
3925 4 -47.000000 3.000000 -47.916428 3.393408 0.230791 2.609816 124.583649 
3900 2 -47.000000 3.000000 -47.256115 3.494711 0.562397 2.299888 128.488480 
3875 7 -46.000000 3.000000 -46.710957 3.676679 0.967448 1.918517 128.532288 
3925 4 -47.000000 3.000000 -47.916428 3.393408 0.230791 2.609816 124.583649 
3900 1 -47.000000 3.000000 -47.256115 3.494711 0.562397 2.299888 128.467743 
3875 1 -46.000000 3.000000 -46.672710 3.677030 0.976360 2.296405 128.533112 
3850 2 -45.000000 4.000000 -45.989063 4.026428 1.680545 2.890080 128.553558 
3825 4 -45.000000 4.000000 -45.149895 4.585798 2.529690 3.349251 128.504150 
3800 5 -44.000000 4.000000 -44.279217 4.423549 -1.998747 3.016229 128.522156 
3850 2 -45.000000 4.000000 -45.989063 4.026428 1.680545 2.890080 128.553558 
3825 8 -45.000000 4.000000 -45.149895 4.585798 2.529690 3.349251 128.478058 
3800 7 -44.000000 4.000000 -44.202770 4.423290 -1.866854 3.765503 128.591599 
3850 2 -45.000000 4.000000 -45.989063 4.026428 1.680545 2.890080 128.553558 
3825 3 -45.000000 4.000000 -45.149895 4.585798 2.529690 3.349251 128.545792 
3800 6 -44.000000 4.000000 -44.279217 4.444663 -1.634998 3.037446 128.411911 
3850 2 -45.000000 4.000000 -45.989063 4.026428 1.680545 2.890080 128.553558 
3900 1 -47.000000 3.000000 -47.256115 3.494711 0.562397 2.299888 128.467743 
3875 1 -46.000000 3.000000 -46.672710 3.677030 0.976360 2.296405 128.589340 
3850 2 -45.000000 4.000000 -45.989063 4.026428 1.680545 2.890080 128.592056 
3825 2 -45.000000 4.000000 -45.149895 4.585798 2.529690 3.349251 128.513901 
3800 2 -44.000000 4.000000 -44.240860 4.445058 -1.560744 3.413212 128.589752 
3775 8 -43.000000 4.000000 -43.308285 4.219874 -0.490640 3.510069 128.545258 
3850 2 -45.000000 4.000000 -45.989063 4.026428 1.680545 2.890080 128.592056 
3925 4 -47.000000 3.000000 -47.916428 3.393408 0.230791 2.609816 124.583649 
3900 1 -47.000000 3.000000 -47.256115 3.494711 0.562397 2.299888 128.440598 
3875 1 -46.000000 3.000000 -46.672710 3.677030 0.976360 2.296405 128.593475 
3850 5 -45.000000 4.000000 -45.989063 4.026428 1.680545 2.890080 128.571854 
3825 6 -45.000000 4.000000 -45.187988 4.512301 1.793887 2.961668 128.560104 
3800 8 -44.000000 4.000000 -44.435486 4.629708 -1.355215 2.740795 128.572021 
3775 2 -43.000000 4.000000 -43.678280 4.206576 -1.870345 3.049806 128.566650 
3850 5 -45.000000 4.000000 -45.989063 4.026428 1.680545 2.890080 128.571854 
3825 5 -45.000000 4.000000 -45.187988 4.512301 1.793887 2.961668 128.571259 
3800 7 -44.000000 4.000000 -44.473446 4.629696 -1.354533 2.381610 128.575287 
3775 4 -43.000000 4.000000 -43.871773 4.171494 -2.231944 2.391802 128.542160 
3850 5 -45.000000 4.000000 -45.989063 4.026428 1.680545 2.890080 128.571854 
3825 7 -45.000000 4.000000 -45.187988 4.512301 1.793887 2.961668 128.523544 
3800 2 -44.000000 4.000000 -44.397137 4.629948 -1.344622 3.106027 128.547195 
3775 1 -43.000000 4.000000 -43.521534 4.245987 -1.451241 3.387352 128.539902 
3775 1 -43.000000 4.000000 -43.521534 4.245987 -1.451241 3.387352 128.539902 
3750 3 -42.000000 3.000000 -42.561924 3.950001 -0.788615 3.866012 128.579834 
3750 3 -42.000000 3.000000 -42.561924 3.950001 -0.788615 3.866012 128.579834 
